version: 1
creator: callgrind-3.11.0
pid: 1575
cmd:  ./pi.g0 1000
part: 1


desc: I1 cache: 
desc: D1 cache: 
desc: LL cache: 

desc: Timerange: Basic block 0 - 15157206
desc: Trigger: Program termination

positions: line
events: Ir
summary: 254098614


ob=(4) /usr/lib/valgrind/vgpreload_core-arm-linux.so
fl=(50) ???
fn=(232) 0x00000424
0 6

fn=(436) 0x000004cf
0 5

fn=(424) 0x000004ad
0 14
cfn=(432) 0x00000449
calls=1 0 
0 16
cob=(3) /lib/arm-linux-gnueabihf/libc-2.23.so
cfi=(88) /build/glibc-XzEjT5/glibc-2.23/stdlib/cxa_finalize.c
cfn=(410) __cxa_finalize
calls=1 31 
0 53
cob=(1) /lib/arm-linux-gnueabihf/ld-2.23.so
cfi=(59) /build/glibc-XzEjT5/glibc-2.23/elf/../sysdeps/arm/dl-trampoline.S
cfn=(264) _dl_runtime_resolve
calls=1 40 
0 1007
0 8
fi=(87) /build/glibc-XzEjT5/glibc-2.23/elf/dl-fini.c
208 2
+2 6
+6 2
-3 4
+3 4
+18 3
+5 1
+1 4
cob=(2) ???
cfi=(16) ???
cfn=(438) 0x0482963c
calls=1 0 
* 2
+6 18
-40 3
+56 3
-56 3
+56 6
-56 5
-56 5
+67 6
fe=(50)

fn=(236) 0x000004ed
0 21

fn=(432)
0 11
cfn=(436)
calls=1 0 
0 5

ob=(2)
fl=(16)
fn=(438)
0 2

fn=(230) 0x048293e0
0 2
cob=(4)
cfi=(50)
cfn=(232)
calls=1 0 
0 6
0 1

fn=(278) 0x00108650
0 2
cob=(5) /home/ubuntu/lab3_session/pi/piv2/pi/pi.g0
cfi=(58) ???
cfn=(280) 0x00000748
calls=1 0 
0 6
0 1

fn=(422) 0x0010965c
0 2

ob=(3)
fl=(73) /build/glibc-XzEjT5/glibc-2.23/libio/genops.c
fn=(314) _IO_default_setbuf
523 2
-1 4
+1 2
-1 4
+1 2
cfi=(72) /build/glibc-XzEjT5/glibc-2.23/libio/fileops.c
cfn=(316) _IO_file_sync@@GLIBC_2.4
calls=2 873 
* 34
* 4
+2 6
381 2
525 2
+10 2
+2 2
-2 6
+1 6
+1 2
-10 4
+1 2
-1 4
381 4
+7 2
-5 2
+5 2
-4 4

fn=(346) __overflow
230 2370
+1 2
+1 3
cfi=(72)
cfn=(348) _IO_file_overflow@@GLIBC_2.4
calls=1 807 
* 148
* 3552
cfi=(72)
cfn=(348)
calls=1184 807 
* 146816

fn=(440) _IO_cleanup
948 1
+3 1
-3 1
+3 1
cfn=(442) _IO_flush_all_lockp
calls=1 760 
* 91
-63 3
+63 1
-63 2
+10 2
-8 9
+2 3
+36 6
-40 9
+75 3

fn=(442)
760 1
+6 1
-6 3
+6 2
+6 1
-6 1
+5 1
+1 1
-1 1
+1 1
-1 1
+2 2
+2 1
+2 2
-11 1
+9 2
+1 1
-1 2
+1 2
+3 9
+10 3
+2 9
+2 3
-2 3
+2 6
+11 1
+2 2
+4 3
-10 3
-27 7
+6 15

fn=(386) _IO_default_xsputn
422 3012
+3 9060
+5 4048
+2 4048
+3 2024
+10 3036
+5 1012
-1 1012
+1 1012
-1 1012
+1 45
-1 45
+1 45
-1 45
+2 2024
+2 1012
+2 1012
+4 2024
-33 2000
+34 2000

fl=(79) /build/glibc-XzEjT5/glibc-2.23/stdio-common/fprintf.c
fn=(376) fprintf
27 5020
+5 1004
-1 1004
+1 1004
cfi=(80) /build/glibc-XzEjT5/glibc-2.23/stdio-common/vfprintf.c
cfn=(378) vfprintf
calls=1004 1267 
* 673763
+4 4016

fl=(84) /build/glibc-XzEjT5/glibc-2.23/libio/fputc.c
fn=(392) fputc
35 180
-3 180
+3 180
-3 540
+3 6120
+1 1620
fi=(74) /build/glibc-XzEjT5/glibc-2.23/libio/libioP.h
866 540
fe=(84)
39 540
fi=(74)
867 2520
fe=(84)
36 540
cfi=(73)
cfn=(346)
calls=180 230 
* 23220
* 360

fl=(88)
fn=(410)
31 4
+20 2
-20 4
+20 2
-20 2
+4 10
+13 2
-9 14
-4 6
+32 2
+6 2
-6 6
+4 14
-4 6
+12 2
+1 4
cfi=(89) /build/glibc-XzEjT5/glibc-2.23/nptl/unregister-atfork.c
cfn=(412) __unregister_atfork
calls=2 -44 
* 20
+2 4

fl=(64) /build/glibc-XzEjT5/glibc-2.23/setjmp/../sysdeps/arm/setjmp.S
fn=(292) __sigsetjmp
27 9
+2 1
+4 1
+4 1
+1 1
+1 1
+2 1
+1 1
+9 1
+15 9
+17 1
+5 1
+1 1
+20 1
cfi=(65) /build/glibc-XzEjT5/glibc-2.23/setjmp/sigjmp.c
cfn=(294) __sigjmp_save
calls=1 -81 
* 7

fl=(75) /build/glibc-XzEjT5/glibc-2.23/string/../sysdeps/arm/memset.S
fn=(326) memset
29 1007
+1 1007
+1 1007
+3 1007
+1 1007
+2 1007
+1 1007
+2 1007
+1 1007
+1 1007
+1 1007
+3 1007
+1 1007
+2 1007
+1 1007
+2 1007
+1 1007
+2 1007
+1 1007
+2 1007
-12 31217
+1 31217
+2 31217
+1 31217
+2 30210
+1 30210
+2 30210
+1 30210
+2 30210
-6 1007
+1 1007
+2 1007
+1 1007
+2 1007
+2 1007
+2 1007
+1 1007
+2 1007
+1 1007
+2 1007
+1 1007
+2 1007
+1 1007
+2 1007
-12 1007
+1 1007
+2 1007
+1 1007
+2 1007
+1 1007
+2 1007
+1 1007
+2 1007
+2 1007

fl=(63) /build/glibc-XzEjT5/glibc-2.23/setjmp/../sysdeps/arm/bsd-_setjmp.S
fn=(290) _setjmp
26 1
+1 1
cfi=(64)
cfn=(292)
calls=1 * 
* 37

fl=(76) /build/glibc-XzEjT5/glibc-2.23/libio/putchar.c
fn=(344) putchar
27 1005
-2 1005
+2 1005
-2 2010
+2 40731
+1 9045
fi=(74)
866 3015
fe=(76)
31 3015
fi=(74)
867 14070
fe=(76)
28 3015
cfi=(73)
cfn=(346)
calls=1005 230 
* 129671
* 2010

fl=(55) /build/glibc-XzEjT5/glibc-2.23/misc/init-misc.c
fn=(250) __init_misc
30 3
+1 4
+2 3
cfi=(56) /build/glibc-XzEjT5/glibc-2.23/string/../sysdeps/arm/armv6/strrchr.S
cfn=(252) rindex
calls=1 -4 
* 52
+2 1
-1 1
+3 3
+1 5

fl=(61) /build/glibc-XzEjT5/glibc-2.23/csu/libc-start.c
fn=(268) (below main)
134 9
+4 1
-4 2
+4 2
* 4
+82 1
+1 3
cfi=(62) /build/glibc-XzEjT5/glibc-2.23/stdlib/cxa_atexit.c
cfn=(270) __cxa_atexit
calls=1 58 
* 90
+22 6
+3 1
+1 7
cob=(5)
cfi=(58)
cfn=(276) __libc_csu_init
calls=1 0 
* 52
+4 6
+15 2
+12 2
cfi=(63)
cfn=(290)
calls=1 26 
* 39
+1 2
+12 1
-10 1
+3 2
+7 1
-7 1
+1 1
+3 1
+3 2
-7 1
+1 1
+6 5
cob=(5)
cfi=(66) /home/ompss/host/lab3/pi/pi.c
cfn=(296) main
calls=1 -87 
* 253989795

fl=(72)
fn=(370) _IO_file_xsputn@@GLIBC_2.4
1280 1021
+6 2042
+7 6126
+17 3063
+1 2042
-1 1021
+21 4084
cfn=(348)
calls=1021 807 
* 22462
* 4084
+6 1021
+1 1021
-1 2042
+1 4084
+16 2042
-12 4084
cfn=(352) new_do_write
calls=1021 501 
* 84743
+2 1021
-1 1021
+1 1021
+7 2042

fn=(350) _IO_do_write@@GLIBC_2.4
494 4248
-2 2370
+2 1185
cfn=(352)
calls=1185 +7 
* 98355
* 4740

fn=(312) _IO_file_setbuf@@GLIBC_2.4
450 4
+1 2
cfi=(73)
cfn=(314)
calls=2 +72 
* 104
* 2
+4 2
+3 2
-3 2
-1 4
+2 6
+3 2

fn=(348)
807 2206
+1 6618
+7 17644
+35 4412
+3 3555
+3 3555
+1 3555
+5 2370
-44 4
+12 2
+9 1
+7 1
+1 1
-8 1
+7 1
-3 1
-3 5
+7 1
-6 1
+1 1
+2 2
+3 3
+1 3
+12 1185
-1 5925
cfn=(350)
calls=1185 494 
* 107835
* 2370
-7 1021
-1 1021
+12 1021
-12 2042
cfn=(350)
calls=1021 494 
* 3063

fn=(352)
501 4412
+2 2206
-2 6618
+2 4412
+15 13236
cfn=(354) _IO_file_write@@GLIBC_2.4
calls=2206 1256 
* 92652
+1 13236
+6 2206
-4 2206
+4 2206
-4 6618
+1 4412
+3 2206
-7 2206
+5 2206
+4 4412
-17 8824
+14 8824

fn=(354)
1256 2206
+2 2206
-2 2206
+2 6618
+5 2206
-1 6618
+1 4412
+10 8824
+3 2206
-13 8824
cfi=(77) /build/glibc-XzEjT5/glibc-2.23/io/../sysdeps/unix/syscall-template.S
cfn=(356) write
calls=2206 84 
* 26472
* 2206
+1 2206
+6 2206
-6 2206
+5 2206
-11 8824

fn=(316)
873 4
-5 2
+5 2
-5 4
+5 2
+2 4
+1 4
+17 8
+4 4

fl=(48) /build/glibc-XzEjT5/glibc-2.23/string/../sysdeps/arm/armv7/multiarch/memcpy.S
fn=(208) memcpy
36 1
+2 1
+1 1
+2 1
+1 1

fl=(56)
fn=(252)
29 1
+1 1
+1 1
+3 1
+1 1
+1 1
+2 1
+1 1
+1 1
+1 1
+1 1
+1 1
+1 1
+1 1
+3 1
+7 1
+2 1
+1 1
+4 1
+1 1
+5 1
+5 1
+1 1
+1 1
+1 1
+1 1
+1 1
+1 1
+1 1
+1 1
+1 1
+1 1
+1 1
+1 1
+1 1
+8 1
+1 1
+1 1
+3 1
+7 1
+1 1
+1 1
+1 1
+1 1
+1 1
+2 1
+8 1
+1 1
+1 1
+1 1
+1 1
+1 1

fl=(89)
fn=(412)
36 2
-8 2
+8 2
-8 2
+8 2
-8 2
+11 2
+82 6

fl=(80)
fn=(378)
1267 1004
-31 2008
+31 3012
+8 1004
-39 1004
+31 1004
-31 2008
+31 1004
-31 1004
+39 2008
+4 5020
+11 4016
-15 2008
+18 1004
cfn=(380) buffered_vfprintf
calls=1004 2295 
* 643643
1689 3012

fn=(379) vfprintf'2
1267 1004
-31 2008
+31 3012
+8 1004
-39 1004
+31 1004
-31 2008
+31 1004
-31 1004
+39 2008
+4 5020
+11 4016
fi=(81) /build/glibc-XzEjT5/glibc-2.23/stdio-common/printf-parse.h
108 2008
fe=(80)
1301 1004
+11 1004
-11 2008
+11 1004
fi=(81)
108 1004
cfi=(82) /build/glibc-XzEjT5/glibc-2.23/string/strchrnul.c
cfn=(384) strchrnul
calls=1004 -71 
* 27192
fe=(80)
1312 1004
fi=(81)
108 1004
fe=(80)
1312 1004
+4 2008
+4 8032
cfi=(73)
cfn=(386)
calls=1004 422 
* 5180
* 2008
1685 3012
+1 2008
+2 1004
+1 3012
1275 2008
+49 5020
+4 4016
* 9036
+42 10040
1626 1004
1370 2008
1626 1004
1370 1004
1626 5020
1370 3012
-11 1004
+11 11044
-8 1004
-4 1004
+4 1004
+8 2008
-13 1004
+13 1004
-14 2008
-1 1004
-1 1004
-1 1004
-1 1004
-1 1004
-1 1004
-1 1004
+17 1004
-3 2008
+4 3012
1649 3012
+2 2008
+8 1004
fi=(81)
108 1004
fe=(80)
1659 2008
fi=(81)
108 2008
cfi=(82)
cfn=(384)
calls=1004 -71 
* 13232
fe=(80)
1663 1004
-4 1004
+4 7028
cfi=(73)
cfn=(386)
calls=1004 422 
* 5196
* 9036
+2 1004
-2 1004
+2 5020
-34 37966
cfi=(73)
cfn=(386)
calls=1004 422 
* 29152
* 41517
cfi=(83) /build/glibc-XzEjT5/glibc-2.23/stdio-common/_itoa.c
cfn=(388) _itoa_word
calls=1004 165 
* 21156
* 25100

fn=(380)
2295 1004
-8 5020
+8 3012
+20 1004
-16 1004
+17 1004
-10 1004
+2 1004
+7 1004
-10 3012
+10 1004
-7 1004
-2 1004
-1 1004
+3 1004
+5 1004
+2 1004
+5 1004
-15 1004
+11 1004
-11 1004
+8 1004
+3 1004
-17 1004
+21 1004
cfn=(379)
calls=1004 1267 
* 375367
+6 3012
-6 1004
+6 6024
+1 37356
+12 5020
+2 5020
cfi=(72)
cfn=(370)
calls=1004 1280 
* 147588
+1 3012
+5 9036
+1 2008
+2 1004
+1 3012
-56 4016
+52 8032

fl=(83)
fn=(388)
165 4016
+3 2008
+2 1004
-2 1004
+2 1004
+9 10112
+9 2008

fl=(67) /build/glibc-XzEjT5/glibc-2.23/stdlib/atoi.c
fn=(300) atoi
27 3

fl=(86) /build/glibc-XzEjT5/glibc-2.23/stdlib/cxa_thread_atexit_impl.c
fn=(400) __call_tls_dtors
146 1
-1 1
+1 3
-1 1
+1 1
-1 2
+1 1
+18 2

fl=(51) /build/glibc-XzEjT5/glibc-2.23/csu/../csu/init-first.c
fn=(242) _init
52 4
+6 1
-6 3
+6 3
+12 1
fi=(53) /build/glibc-XzEjT5/glibc-2.23/csu/../sysdeps/unix/sysv/linux/arm/init-first.c
-40 1
fe=(51)
+41 1
fi=(53)
-41 1
fe=(51)
+40 1
+2 1
-1 1
fi=(53)
-41 1
fe=(51)
+40 1
fi=(53)
-40 1
fe=(51)
+41 1
fi=(53)
-41 1
fe=(51)
+42 1
fi=(53)
-42 5
fe=(51)
+42 1
fi=(53)
-42 2
fi=(52) /build/glibc-XzEjT5/glibc-2.23/csu/../sysdeps/generic/dl-hash.h
+18 1
-3 1
+17 2
-17 2
+3 3
-3 3
+17 6
-17 6
fi=(53)
-15 5
+2 2
-2 1
+2 1
+6 1
-6 1
cfi=(54) /build/glibc-XzEjT5/glibc-2.23/elf/../sysdeps/unix/sysv/linux/dl-vdso.c
cfn=(248) _dl_vdso_vsym
calls=1 -6 
* 11
+1 1
+1 1
+2 1
-3 1
+1 3
+2 1
-2 1
+2 2
cfi=(54)
cfn=(248)
calls=1 -10 
* 11
+2 2
fe=(51)
+48 2
fi=(53)
-48 1
fe=(51)
+48 1
fi=(53)
-48 1
fe=(51)
+48 1
cfi=(55)
cfn=(250)
calls=1 -56 
* 72
+8 1
cfi=(57) /build/glibc-XzEjT5/glibc-2.23/ctype/ctype-info.c
cfn=(254) __ctype_init
calls=1 -63 
* 27
+5 2
-41 2
+7 2
-7 2
+7 6

fl=(71) /build/glibc-XzEjT5/glibc-2.23/libio/iosetbuffer.c
fn=(310) setbuffer
33 1
-2 2
+2 1
-2 3
+2 35
+4 1
-2 1
-1 1
+3 1
-2 2
-1 1
+3 4
cfi=(72)
cfn=(312)
calls=1 450 
* 64
+1 4
+2 6
cfi=(72)
cfn=(312)
calls=1 450 
* 66
fi=(74)
866 3
fe=(71)
42 2
fi=(74)
867 14
fe=(71)

fl=(90) /build/glibc-XzEjT5/glibc-2.23/posix/../sysdeps/unix/sysv/linux/_exit.c
fn=(444) _Exit
27 2
+4 2

fl=(78) /build/glibc-XzEjT5/glibc-2.23/libio/iofwrite.c
fn=(368) fwrite
31 34
+1 17
+3 51
+2 663
+1 68
+1 102
cfi=(72)
cfn=(370)
calls=17 1280 
* 2499
fi=(74)
866 51
fe=(78)
39 17
fi=(74)
866 51
fe=(78)
45 68
+1 17
-1 34
+4 34
fi=(74)
867 238
fe=(78)

fl=(77)
fn=(356)
84 26472

fl=(54)
fn=(248)
26 2
+1 2
-1 6
+1 4
+4 2
-3 2
+21 4

fl=(57)
fn=(254)
31 2
-2 1
+2 6
+2 1
+2 1
-4 2
+2 1
-2 2
+2 3
+2 1
-2 1
+2 3
+1 1
-1 1
+1 1

fl=(68) /build/glibc-XzEjT5/glibc-2.23/stdlib/strtol.c
fn=(302) strtol
105 1
+1 2
-1 1
+1 6
cfi=(69) /build/glibc-XzEjT5/glibc-2.23/stdlib/strtol_l.c
cfn=(304) ____strtol_l_internal
calls=1 227 
* 190
+1 2

fl=(70) /build/glibc-XzEjT5/glibc-2.23/libio/setbuf.c
fn=(308) setbuf
33 2
cfi=(71)
cfn=(310)
calls=1 * 
* 212

fl=(65)
fn=(294)
28 2
+1 2
* 1
+5 2

fl=(62)
fn=(272) __internal_atexit
34 2
+1 1
-1 2
+1 1
cfn=(274) __new_exitfn
calls=1 +38 
* 65
-1 2
+3 1
+4 2
+6 1
+1 1
-7 1
+3 1
+1 1
-4 2
+2 1
+3 1
+1 1
+1 1

fn=(274)
73 2
+6 1
-6 1
+6 24
+2 2
+10 1
-10 3
+2 2
-2 2
+10 1
-10 1
+46 1
-1 2
+1 5
+3 10
+3 3
-20 1
-1 1
+1 2

fn=(270)
58 3
cfn=(272)
calls=1 -24 
* 87

fl=(85) /build/glibc-XzEjT5/glibc-2.23/stdlib/exit.c
fn=(396) exit
104 2
-1 1
+1 2
cfn=(398) __run_exit_handlers
calls=1 -69 
* 3108

fn=(398)
35 6
+5 1
cfi=(86)
cfn=(400)
calls=1 146 
* 12
* 1
+6 6
+4 2
+4 1
-1 1
-1 1
+2 4
+33 2
+1 2
+6 2
+1 14
cfi=(73)
cfn=(440)
calls=1 948 
* 133
* 2
+2 2
cfi=(90)
cfn=(444)
calls=1 -70 
* 4
-17 1
-2 1
+4 1
-2 2
+2 1
-2 2
+2 1
cob=(1)
cfi=(87)
cfn=(402) _dl_fini
calls=1 +48 
* 2902
+1 1

fl=(69)
fn=(304)
227 4
+26 2
+31 8
+9 7
+2 1
526 2
275 1
-1 2
+26 1
+3 2
-1 2
-2 1
+5 1
-6 1
+7 2
-7 1
+10 3
+10 2
+7 2
435 7
+19 1
+1 2
-4 1
+3 1
-3 1
+4 2
-1 1
+1 1
-1 1
+1 2
-18 16
-4 8
+2 18
+44 2
+5 2
+6 2
+3 3
329 2
465 8
+3 44
+6 8
+17 2
+17 2
348 2
247 2
371 4

fl=(82)
fn=(384)
37 2008
+10 2008
-4 2008
+4 2008
+3 7028

ob=(5)
fl=(66)
fn=(320) calculate
214 1
cfn=(364) epilog
calls=1 +66 
* 772723
+6 5
+3 7
+2 5
cfn=(322) SET
calls=1 -53 
* 253211757

fn=(334) SUBTRACT
179 16088
+4 10055
+2 40380880
+2 12693120
+1 10577600
-5 12120297
+8 40220
+4 10055

fn=(296)
204 7
+1 5
+2 3
+1 5
cfn=(320)
calls=1 +12 
* 253984498
cob=(3)
cfi=(70)
cfn=(308)
calls=1 33 
* 214
cob=(3)
cfi=(67)
cfn=(300)
calls=1 27 
* 205
cob=(1)
cfi=(59)
cfn=(264)
calls=2 40 
* 1719
* 25
fi=(61)
325 1
cob=(3)
cfi=(85)
cfn=(396)
calls=1 104 
* 3113
fe=(66)

fn=(338) DIVIDE239
104 14063
+5 4018
+1 6027
+2 18171405
+1 16152360
+1 20190450
-4 18183459
+6 10045

fn=(328) create_hashTable
34 5
+1 2
+1 3
+1 60
+1 70
+1 70
+1 70
+1 70
+1 30
+1 80
+1 80
+1 80
+1 80
+1 80
-11 63
+14 2
+1 3
+1 50
+1 20
+1 10
+1 1500
+1 2000
+1 750
-3 1790
-3 63
+10 2
+1 3
+1 50
+1 20
+1 10
+1 14340
+1 19120
+1 7170
-3 16770
-3 63
+9 5

fn=(340) progress
230 5
cfn=(323) SET'2
calls=1 -58 
* 252912613
-2 6
+47 2
+1 2
cob=(3)
cfi=(76)
cfn=(344)
calls=1 27 
* 235
cob=(1)
cfi=(59)
cfn=(264)
calls=1 40 
* 894
* 9

fn=(341) progress'2
230 5010
cfn=(323)
calls=1002 -58 
* 126755926314
-2 6018
+15 5
cfn=(323)
calls=1 -71 
* 285333
+13 4
+19 2008
+1 2008
cob=(3)
cfi=(76)
cfn=(344)
calls=1004 27 
* 209362
* 5020

fn=(364)
216 1
+1 4
+63 5
+4 8
cob=(3)
cfi=(84)
cfn=(392)
calls=180 35 
* 36540
cob=(3)
cfi=(79)
cfn=(376)
calls=1004 27 
* 685811
cob=(3)
cfi=(78)
cfn=(368)
calls=17 31 
* 3944
cob=(1)
cfi=(59)
cfn=(264)
calls=3 40 
* 2882
* 43528

fn=(330) LONGDIV
119 7028
+5 4016
+2 2008
+1 3012
+2 9081180
+1 4036080
cfi=(58)
cfn=(332) __udivsi3
calls=1009020 0 
* 31132666
* 2018040
+1 6054120
+1 6054120
-5 9087204
+28 5020

fn=(362) MULTIPLY
158 14
+4 4
+1 10
+2 22110
+1 12060
+1 32160
-4 12066
+6 10

fn=(360) DIVIDE5
74 7
+5 2
+1 3
+2 9045
+1 8040
+1 10050
-4 9051
+6 5

fn=(336) DIVIDE25
89 7028
+5 2008
+1 3012
+2 9081180
+1 8072160
+1 10090200
-4 9087204
+6 5020

fn=(322)
172 7
+1 8
cob=(3)
cfi=(75)
cfn=(326)
calls=1 29 
* 319
cob=(1)
cfi=(59)
cfn=(264)
calls=1 40 
* 845
* 15
+53 5
cfn=(323)
calls=1 -54 
* 253210558

fn=(323)
172 7042
+1 8048
cob=(3)
cfi=(75)
cfn=(326)
calls=1006 29 
* 320914
* 11066
+54 1
cfn=(328)
calls=1 34 
* 64584
+1 7
+2 5
cfn=(323)
calls=1 -58 
* 253145613
+1 5020
cfn=(330)
calls=1004 119 
* 67484494
+2 10040
cfn=(334)
calls=1004 -54 
* 37886414
+1 5020
cfn=(336)
calls=1004 89 
* 36347812

ob=(3)
fl=(82)
fn=(384)
50 1000
-3 4
+2 4
-2 4
+24 1008
+58 2016
-57 1008
+46 2016
+14 1008
-3 10080
-11 16
+14 8
-3 80

ob=(5)
fl=(66)
fn=(323)
236 10040
cfn=(334)
calls=1004 -57 
* 37828026
+1 5020
cfn=(338)
calls=1004 104 
* 36347812
+1 5020
cfn=(338)
calls=1004 104 
* 36347812
+2 1004
cfn=(341)
calls=1003 +35 
* 126756440860
cfn=(340)
calls=1 +35 
* 252913766
-12 3
+17 10
cfn=(334)
calls=1 -66 
* 48233
+1 5
cfn=(360)
calls=1 74 
* 36203
+2 10
cfn=(334)
calls=1 -69 
* 48233
+1 5
cfn=(338)
calls=1 104 
* 36203
+2 5
cfn=(362)
calls=1 -93 
* 39217
+1 10
cfn=(334)
calls=1 -73 
* 37409
+1 5
cfn=(362)
calls=1 -95 
* 39217
+2 1
cfn=(341)
calls=1 +20 
* 222

fl=(58)
fn=(284) 0x00000811
0 21

fn=(420) 0x000007f3
0 5

fn=(276)
0 8
cob=(2)
cfi=(16)
cfn=(278)
calls=1 0 
0 9
0 11
cfn=(284)
calls=1 0 
0 21
0 3

fn=(280)
0 6

fn=(416) 0x0000076d
0 11
cfn=(420)
calls=1 0 
0 5

fn=(332)
0 31132666

fn=(406) 0x000007d1
0 14
cfn=(416)
calls=1 0 
0 16
cob=(3)
cfi=(88)
cfn=(410)
calls=1 31 
0 53
cob=(1)
cfi=(59)
cfn=(264)
calls=1 40 
0 1150
0 8
fi=(87)
208 1
+2 3
+6 1
-3 2
+3 2
+4 3
+12 1
-1 2
+1 1
-1 1
+3 6
+1 2
cob=(4)
cfi=(50)
cfn=(424)
calls=1 0 
* 1175
-1 3
+5 1
+1 4
cob=(2)
cfi=(16)
cfn=(422)
calls=1 0 
* 2
fe=(58)

ob=(3)
fl=(82)
fn=(384)
140 5040
+2 40
37 16
164 1000

ob=(5)
fl=(58)
fn=(406)
fi=(87)
246 6
-40 1
+56 1
-56 1
+56 2
-56 1
fe=(58)

ob=(3)
fl=(82)
fn=(384)
142 16
+2 1000

ob=(5)
fl=(58)
fn=(258) 0x00000701
0 17
cob=(3)
cfi=(61)
cfn=(268)
calls=1 134 
0 253990041
cob=(1)
cfi=(59)
cfn=(264)
calls=1 40 
0 1205
0 7

ob=(1)
fl=(17) /build/glibc-XzEjT5/glibc-2.23/elf/dl-minimal.c
fn=(114) __sigjmp_save
150 3
+1 3
+2 3
-2 3
+2 3

fn=(84) strsep
351 2
+3 6
+2 2
+1 2
+4 45
+7 56
-2 56
+13 1
+4 2
cfi=(23) /build/glibc-XzEjT5/glibc-2.23/elf/dl-load.c
cfn=(83) fillin_rpath'2
calls=1 +65 
* 8
-22 43

fn=(42) malloc
95 63
cfn=(48) __libc_memalign
calls=21 -42 
* 622
* 84

fn=(36) calloc
111 16
-8 8
+8 32
-4 8
+4 24
+3 8
+1 8
-1 8
cfn=(42)
calls=8 -19 
* 327
* 32

fn=(48)
53 22
-1 22
+1 22
-1 22
+1 87
+11 105
+3 21
-3 21
+3 21
-3 21
+3 21
-3 5
+3 1
-3 1
+3 1
-3 1
+3 61
+4 12
+1 4
+6 18
cfi=(38) /build/glibc-XzEjT5/glibc-2.23/misc/../sysdeps/unix/sysv/linux/generic/wordsize-32/mmap.c
cfn=(138) mmap
calls=2 -48 
* 32
+2 2
-2 2
+2 2
+2 2
+2 2
-2 6
+2 14
+3 6
+1 2
+2 4
-3 60
+1 20
+2 40
-31 5
-1 6

fn=(94) free
120 1
+2 6

fl=(15) /build/glibc-XzEjT5/glibc-2.23/elf/dl-object.c
fn=(52) _dl_add_to_namespace_list
32 6
+2 3
-2 3
+2 12
cfi=(2) /build/glibc-XzEjT5/glibc-2.23/elf/rtld.c
cfn=(54) rtld_lock_default_lock_recursive
calls=3 704 
* 12
+2 16
+3 15
+2 2
+2 2
+4 4
+1 2
-1 2
+1 2
+3 2
-4 2
+1 2
+3 2
-2 4
-2 6
+1 2
+1 2
+3 2
-1 2
cfi=(2)
cfn=(56) rtld_lock_default_unlock_recursive
calls=2 710 
* 8
-4 2
+1 1
-1 1
+1 1
+3 1
-4 1
+1 1
+3 1
-2 2
-2 3
+1 1
+1 1
+3 1
-1 1
cfi=(2)
cfn=(56)
calls=1 710 
* 4
-5 2

fn=(32) _dl_new_object
fi=(2)
1035 3
+3 1
+4 1
-5 1
-1 1
+2 1
-1 1
+5 1
cfi=(15)
cfn=(52)
calls=1 32 
* 41
+1 4
799 2
1043 1
+29 1
-8 1
+5 1
-5 1
+8 1
-3 1
+3 1
-3 1
-4 1
+2 2
+5 1
+56 1
-55 1
+18 1
-18 1
+55 1
-15 1
-22 2
+37 1
-34 2
+19 1
+51 1
-36 2
-55 1
+91 1
-70 1
+70 1
-49 2
-21 1
+65 1
-86 1
+21 2
+65 3
-31 3
-55 24
-1 27
+1 47
1175 4
+3 1
+2 1
+2 5
+13 4
+1 8
cfi=(19) /build/glibc-XzEjT5/glibc-2.23/string/../sysdeps/arm/armv7/strcmp.S
cfn=(58) strcmp
calls=1 181 
* 8
* 1
+5 1
+2 1
+1 1
-3 1
+2 1
+3 1
-5 1
+3 1
+2 2
+1 2
+4 5
+2 3
fi=(3) /build/glibc-XzEjT5/glibc-2.23/elf/get-dynamic-info.h
30 1
+9 2
+6 1
-2 1
+2 1
+20 1
+3 1
-7 1
+4 1
+3 1
-7 1
-1 2
+1 10
-16 10
+2 8
+14 19
-16 38
+2 38
-2 2
+2 4
+13 18
+2 3
+16 3
+20 2
+1 5
+1 5
+1 5
+2 2
+3 5
+2 5
+1 5
+1 5
+6 2
+7 5
+5 2
+4 2
+1 4
+12 2
+14 2
+10 1
-8 1
+8 2
-8 1
+8 2
+5 1
+1 3
+2 2
fi=(2)
1218 2
cfi=(7) /build/glibc-XzEjT5/glibc-2.23/elf/dl-lookup.c
cfn=(12) _dl_setup_hash
calls=1 953 
* 23
+3 3
fi=(20) /build/glibc-XzEjT5/glibc-2.23/elf/setup-vdso.h
24 5
fi=(2)
1243 1
cfi=(21) /build/glibc-XzEjT5/glibc-2.23/elf/../sysdeps/unix/sysv/linux/dl-sysdep.c
cfn=(66) _dl_discover_osversion
calls=1 47 
* 77
* 14
1077 4
+1 1
+90 2
+1 2
+1 1
-6 3
+1 1
-37 2
-1 6
+2 2
-2 2
+2 2
+1 4
+3 6
+1 2
+1 4
+1 11
+1 4
-36 1
-9 2
+2 1
+7 1
-9 1
+2 1
-3 1
+3 1
-3 1
+10 1
+18 2
-37 4
+1 1
fi=(3)
65 3
+3 2
+2 6
fi=(2)
1248 1
+3 1
-3 1
+3 1
-3 2
cfi=(23)
cfn=(70) _dl_init_paths
calls=1 702 
* 104107
-11 5
fe=(15)
61 3
+1 1
-1 3
+1 1
cfi=(11) /build/glibc-XzEjT5/glibc-2.23/string/../sysdeps/arm/armv6t2/strlen.S
cfn=(22) strlen
calls=1 +8 
* 34
+6 3
-6 2
+6 2
+7 5
cfi=(18) /build/glibc-XzEjT5/glibc-2.23/string/../sysdeps/arm/armv7/multiarch/memcpy_impl.S
cfn=(50) memcpy
calls=1 300 
* 147
cfi=(17)
cfn=(36)
calls=1 +36 
* 62
* 16
-7 8

fn=(33) _dl_new_object'2
fi=(23)
931 2
1465 6
1029 6
+13 4
+3 4
-5 2
+4 2
-3 2
+4 2
-5 2
+5 2
-5 2
+5 2
-4 2
+1 2
-2 2
+5 2
+1 8
+19 2
+8 2
-8 2
+8 2
-10 2
+2 6
+8 2
+1 4
-1 2
+1 2
-1 2
+1 2
-1 4
+1 2
-1 2
+45 2
-45 2
+45 2
-45 2
+45 2
-45 4
+1 28
-1 70
+1 107
+7 4
-1 2
+1 4
-8 2
+7 2
-7 6
1220 8
+9 6
+10 4
fi=(39) /build/glibc-XzEjT5/glibc-2.23/elf/./dl-map-segments.h
51 2
fi=(23)
1239 2
fi=(39)
56 4
-5 2
fi=(23)
1239 4
fi=(39)
56 10
fi=(23)
1239 2
fi=(39)
56 2
fi=(23)
1239 2
fi=(39)
56 8
cfi=(38)
cfn=(138)
calls=2 -26 
* 32
+4 2
-4 2
+4 2
+3 4
+3 2
-2 4
+2 4
+10 8
fi=(41) /build/glibc-XzEjT5/glibc-2.23/elf/./dl-load.h
+14 4
+1 10
+2 6
-3 4
+1 10
+2 6
fi=(39)
+7 16
+8 2
-2 2
+2 4
-2 2
+1 2
+1 4
+1 2
-1 10
+8 4
+17 4
+12 4
-59 20
+2 2
+2 2
-2 8
+2 20
cfi=(38)
cfn=(138)
calls=2 -60 
* 32
* 4
fi=(23)
1085 2
+1 1
+5 28
+5 28
+9 8
+1 4
+3 8
-4 8
+1 4
+2 4
-2 8
-1 4
+3 24
-3 12
-1 4
+5 4
-5 4
+2 4
+7 4
-6 4
+1 4
+5 4
+1 2
-1 4
+1 8
+4 6
-14 2
+14 18
+11 2
-11 6
-14 2
+14 18
+11 2
+3 3
+4 1
+1 2
+1 1
+11 1
-7 1
+3 1
+4 2
-7 1
+7 1
+6 1
cfi=(31) /build/glibc-XzEjT5/glibc-2.23/elf/dl-tls.c
cfn=(170) _dl_next_tls_modid
calls=1 52 
* 11
* 1
+1 1
+59 4
+1 4
+1 2
-6 4
+1 2
-71 5
1251 8
+9 6
fi=(3)
39 4
+6 2
-2 2
+2 2
+20 2
+3 2
-7 2
+4 2
+3 2
-7 2
-1 4
+1 16
-16 16
+2 12
+14 33
-16 66
+2 66
-2 4
+2 8
+13 30
+2 6
+3 6
+13 4
+20 7
+1 5
+1 5
+1 5
+2 2
-4 5
+1 5
+1 5
+2 2
+3 10
+2 10
+1 7
+1 5
+6 2
+7 5
-13 5
+6 2
+7 5
+5 4
+4 4
+1 8
+12 4
+5 1
+2 1
+1 2
-3 1
+4 1
+1 2
+1 1
+1 2
+2 6
+10 1
-8 1
+8 2
-8 1
+8 3
+5 1
+1 3
+2 2
* 2
fi=(23)
1267 8
+15 6
+19 6
+2 14
+54 4
+1 3
+3 2
cfi=(25) /build/glibc-XzEjT5/glibc-2.23/io/../sysdeps/unix/syscall-template.S
cfn=(152) close
calls=1 84 
* 7
* 2
cfi=(25)
cfn=(152)
calls=1 84 
* 7
* 4
+9 6
+4 2
-2 2
+2 2
-2 2
+2 2
-2 4
+2 4
+16 4
cfi=(7)
cfn=(12)
calls=2 953 
* 46
+4 6
+1 4
+17 6
+4 12
+5 6
+10 10
+10 6
cfi=(15)
cfn=(52)
calls=2 32 
* 98
+4 10
fi=(3)
68 4
+2 12
fi=(23)
1413 4
fi=(39)
119 8
+8 10
cfi=(42) /build/glibc-XzEjT5/glibc-2.23/string/../sysdeps/arm/memset.S
cfn=(148) memset
calls=2 -98 
* 197
* 4
-54 2
-1 2
+1 2
-1 10
cfi=(40) /build/glibc-XzEjT5/glibc-2.23/misc/../sysdeps/unix/syscall-template.S
cfn=(144) mprotect
calls=2 +12 
* 14
* 2
fi=(41)
+22 5
+1 7
+3 5
fi=(39)
+39 8
cfi=(38)
cfn=(138)
calls=1 30 
* 16
+3 2
fi=(23)
1255 2
fe=(15)
61 6
+1 2
-1 6
+1 2
cfi=(11)
cfn=(22)
calls=2 +8 
* 105
+6 6
-6 4
+6 4
+7 10
cfi=(18)
cfn=(50)
calls=2 300 
* 679
cfi=(17)
cfn=(36)
calls=2 +36 
* 149
* 32
+22 3
-8 6
-2 3
+10 9
+4 3
-3 3
+3 3
-4 3
+1 6
+3 3
+2 3
-2 3
+9 3
-8 9
+5 6
+3 7
+2 1
-2 18
+2 15
-2 45
+18 15
-5 6
-1 6
+6 9
+2 6
+3 2
+4 6
+4 4
+2 4
+6 1
+3 1
+3 2
-3 2
+3 4
+2 4
cfi=(11)
cfn=(22)
calls=2 -87 
* 121
+4 2
-4 6
+4 2
+68 3
68 22
+73 8
-15 1
+7 5
+32 4
cfi=(18)
cfn=(51) memcpy'2
calls=2 300 
* 288
cfi=(17)
cfn=(42)
calls=2 -70 
* 68
* 20

fl=(42)
fn=(148)
29 18
+1 18
+1 18
+3 13
+1 13
+2 13
+1 13
+2 13
+1 13
+1 13
+1 13
+3 13
+1 13
+2 13
+1 13
+2 11
+1 11
+2 11
+1 11
+2 11
-12 63
+1 63
+2 54
+1 54
+2 53
+1 53
+2 53
+1 53
+2 52
-9 9
+1 9
+2 12
+1 12
+2 12
+1 12
+2 13
+2 13
+2 13
+1 13
+2 13
+1 13
+2 13
+1 13
+2 13
+1 13
+2 13
-12 9
+1 9
+2 9
+1 9
+2 9
+1 9
+2 9
+1 9
+2 9
+2 18
cfi=(31)
cfn=(189) _dl_allocate_tls_storage'2
calls=1 390 
* 75

fl=(19)
fn=(58)
175 97
+1 97
+5 226
+2 226
+2 226
+1 226
+1 226
+1 226
+2 129
+4 129
+1 129
+3 129
+1 129
+1 129
+3 129
+1 129
+1 129
+4 84
+1 84
+1 84
+1 84
+1 84
+1 84
+2 84
+1 84
+2 84
+1 84
+1 84
+1 84
+1 84
+1 84
+1 84
+1 84
+1 84
+7 83
+2 83
+3 83
+1 83
+1 83
+1 83
-3 84
+1 84
+1 84
+1 84
+1 84
+1 84
+1 84
+1 84
+2 84
+2 84
+2 84
+1 84
+1 84
+1 84
+1 84
+1 84
+2 84
+1 84
+3 1
+3 11
+4 913
+4 45
+1 45
+1 6
+1 6
+5 8
+2 8
+3 8
+1 8
+1 8
+1 8
+1 3
+2 3
+2 3
+1 3
+1 3
+1 3
+1 3
-12 3
+1 3
+1 3
+1 3
+1 3
+2 3
+2 3
+1 3
+1 3
+1 3
+1 3
+3 60
+6 3
+1 3
+1 3
+2 3
+1 3
+3 3
+1 3
+1 3
+1 3
+3 39
+1 39
+1 34
+1 34
+1 34
+1 34
+2 34
+1 34
+29 30
+2 30
+1 30
+1 30
+1 21
+3 21
+2 21
+1 21
+1 21
+1 21
+4 9
+1 9
+7 9
+4 25
+6 25
+2 25
+2 25
+1 25
+2 25
-7 5
+2 5
+2 5
+1 5
+2 5
+1 17
+4 16
+1 16
+1 16
+1 16
+1 16
+1 14
+1 10
+2 10
+1 10
+1 10
+1 10
+2 10
+2 2
+1 2
+3 4
+1 4
+4 1
+2 1
+8 1
+1 1
+10 33
+1 33
+1 33
+1 33
+1 33
+1 27
+1 22
+2 22
+1 22
+1 22
+1 22
+2 22
+2 6
+1 6
+2 5
+1 5
+2 2
+2 2
+4 2
+9 34
+1 34
+1 34
+1 34
+1 34
+1 34
+1 21
+2 21
+1 21
+1 21
+1 21
+2 21
+5 13
+1 13
+1 13
+3 13
+1 13
+1 13
+3 6
+1 6
+8 6
+5 23
+1 23
+3 23
+1 23
+1 23
+1 23
+1 23
+1 23
+1 23
+1 23
+7 23
+1 23

fl=(18)
fn=(50)
300 46
+1 46
+1 46
+40 46
+1 46
+1 46
+8 158
+3 3
+1 3
+2 3
+2 3
+2 3
+2 3
cfi=(15)
cfn=(33)
calls=1 97 
* 364
-12 32
+3 2
+1 2
+2 2
+2 2
+2 2
+2 2
-12 8
+3 1
+1 1
+2 1
+2 1
+2 1
+2 1
-12 48
+3 8
+1 8
+2 8
+2 8
+2 8
+2 8
cfi=(23)
cfn=(83)
calls=1 524 
* 130
-12 96
+3 24
+1 24
+2 24
+2 24
+2 24
+2 24
cfi=(15)
cfn=(33)
calls=1 97 
* 261
-12 10
+3 5
+1 5
+2 5
+2 5
+2 5
+2 5
cfi=(43) /build/glibc-XzEjT5/glibc-2.23/elf/dl-deps.c
cfn=(155) _dl_map_object_deps'2
calls=1 470 
* 1368
-9 3
+1 3
+2 3
+2 3
+2 3
+2 3
cfi=(27) /build/glibc-XzEjT5/glibc-2.23/elf/../string/string.h
cfn=(78) _dl_important_hwcaps
calls=1 652 
* 1067
cfi=(15)
cfn=(33)
calls=1 97 
* 133

fn=(51)
300 17
+1 17
+1 17
+40 17
+1 17
+1 17
+8 56
+3 1
+1 1
+2 1
+2 1
+2 1
+2 1
cfi=(27)
cfn=(140) _dl_new_object
calls=1 652 
* 156
-12 16
+3 1
+1 1
+2 1
+2 1
+2 1
+2 1
cfi=(27)
cfn=(140)
calls=1 652 
* 66
-12 8
+3 1
+1 1
+2 1
+2 1
+2 1
+2 1
cfi=(43)
cfn=(155)
calls=1 613 
* 233
-12 8
+3 2
+1 2
+2 2
+2 2
+2 2
+2 2
cfi=(43)
cfn=(155)
calls=1 470 
* 484
-12 6
+3 3
+1 3
+2 3
+2 3
+2 3
+2 3
-9 9
+1 9
+2 9
+2 9
+2 9
+2 9

fl=(13) /build/glibc-XzEjT5/glibc-2.23/elf/dl-environ.c
fn=(28) _dl_next_ld_env_entry
30 3
+3 49
+2 69
+1 27
+2 2
+3 4
+9 6

fl=(87)
fn=(402)
130 3
+17 1
+6 1
-6 1
+54 1
-48 1
-3 1
+51 1
-48 1
-3 1
+3 1
+48 1
-48 1
+48 1
-51 1
+51 1
-51 4
+13 6
+57 4
-67 4
cfi=(2)
cfn=(54)
calls=1 704 
* 4
+2 1
+3 2
+2 6
+8 1
-3 1
+3 7
+7 12
+2 8
+8 4
-6 4
+6 4
-5 4
+5 4
-4 4
-8 12
+14 10
+1 5
+4 5
cfn=(404) _dl_sort_fini
calls=1 33 
* 241
+9 4
cfi=(2)
cfn=(56)
calls=1 710 
* 4
+5 2
+40 1
-40 2
+40 1
-40 1
+40 2
+3 1
-43 2
+43 2
-41 1
+2 3
+6 1
-3 2
+3 2
+4 3
+12 1
-1 2
+1 1
-1 1
+3 6
+1 2
cob=(5)
cfi=(58)
cfn=(406)
calls=1 0 
* 2463
+33 3
+2 2
-2 4
+6 5
+7 3

fn=(404)
33 2
-2 3
+7 4
+1 1
-1 1
+1 4
-1 1
+2 1
-2 1
+2 1
-2 3
+2 1
cfi=(42)
cfn=(148)
calls=1 -11 
* 31
* 2
-1 5
+78 9
+3 14
cfi=(42)
cfn=(148)
calls=2 -91 
* 35
* 2
-75 4
-1 2
+1 4
+4 2
-5 2
+5 2
-5 4
+5 2
-4 2
-1 1
+1 2
+4 1
-5 1
+5 1
-5 2
+5 10
+7 3
-1 6
+1 10
+2 6
+1 4
-1 3
+1 3
+2 9
+1 4
+27 1
+35 3
-32 6
+21 3
-57 3
+57 6
-57 8

fl=(14) /build/glibc-XzEjT5/glibc-2.23/string/memcmp.c
fn=(30) bcmp
312 13
-7 13
+3 13
-3 13
+4 13
+3 13
+4 12
+16 8
+1 4
125 15
+50 4
-2 4
+1 4
+1 12
-71 2
+1 2
+4 6
336 2
+4 6
+1 2
+5 22
+6 9
-1 9
+1 9
+1 37
-4 60
+3 60
+1 120
-7 134
+12 7
+1 26
181 4
-36 3
+1 6
+23 3
-2 3
+1 3
+1 4
-2 1
+1 1
+1 1
-20 1
+1 1
-1 1
+4 1
-1 1
+11 1
-2 1
+1 1
+1 1
358 4
188 2
-9 2
+1 2
+4 4
+1 2
+3 2
+5 4

fl=(35) /build/glibc-XzEjT5/glibc-2.23/elf/dl-misc.c
fn=(120) _dl_name_match_p
288 102
+1 51
-1 51
+1 51
cfi=(19)
cfn=(58)
calls=51 181 
* 435
* 51
+3 51
+2 51
+4 52
-4 52
+1 12
cfi=(19)
cfn=(58)
calls=4 181 
* 258
* 153
cfi=(19)
cfn=(58)
calls=51 181 
* 648
* 110
-5 3
+11 3
-1 96

fn=(166) _dl_sysdep_read_whole_file
45 3
+7 1
-7 1
+7 1
cfi=(25)
cfn=(124) open
calls=1 +32 
* 7
+1 1
-7 2
+7 1
+2 4
cfi=(37) /build/glibc-XzEjT5/glibc-2.23/io/../sysdeps/unix/sysv/linux/fxstat64.c
cfn=(136) __fxstat64
calls=1 -20 
* 53
fi=(45) /build/glibc-XzEjT5/glibc-2.23/elf/dl-cache.c
247 5
+9 1
+6 2
-6 1
+6 1
-6 2
+6 1
cfi=(25)
cfn=(74) access
calls=1 84 
* 14
+19 1
-25 1
+25 4
-19 1
+19 76
cfn=(168) _dl_cache_libcmp
calls=5 138 
* 421
* 10
-15 1
+15 1
-15 5
+15 16
cfn=(168)
calls=1 138 
* 78
* 8
-74 1
-8 1
+8 4
+90 4
+1 1
-1 1
+4 2
+8 3
cfi=(11)
cfn=(22)
calls=1 70 
* 72
+1 1
-1 1
+1 1
-1 2
+1 2
cfi=(18)
cfn=(50)
calls=1 -10 
* 30
+1 1
cfi=(29) /build/glibc-XzEjT5/glibc-2.23/string/strdup.c
cfn=(88) strdup
calls=1 40 
* 138
+1 5
-31 34
cfn=(168)
calls=1 138 
* 63
* 45
-73 4
cfi=(14)
cfn=(30)
calls=1 312 
* 80
* 1
+7 2
-3 1
+3 3
+4 1
-1 1
+1 1
-1 1
+1 1
+1 4
cfi=(14)
cfn=(30)
calls=1 +92 
* 53
* 4
fe=(35)

fl=(43)
fn=(154) _dl_map_object_deps
fi=(2)
1653 5
+1 1
-1 1
+1 3
-1 1
+1 3
-1 3
+1 9
-1 3
+4 5
+1 2
+1 1
+2 2
+1 9
-1 3
+1 2
-1 1
+1 7
-1 3
-3 1
+16 2
+1 1
-1 2
+1 2
+2 1
+4 1
-2 1
+2 1
-2 2
-2 1
+2 2
+2 1
-4 2
+5 1
-1 1
+14 2
+1 4
+1 3
+11 1
+2 3
-2 1
+2 3
-2 1
+1 1
-1 1
+2 1
cfi=(33) /build/glibc-XzEjT5/glibc-2.23/elf/dl-error.c
cfn=(172) _dl_receive_error
calls=1 205 
* 86103
-38 3
fe=(43)
160 1
+1 2
-1 2
-8 2
+8 1
+1 2
-9 1
+9 1
-9 1
+9 1
-17 1
+2 1
+6 1
-7 1
+1 1
-2 1
+34 5
-34 1
+35 1
-35 1
+34 1
-33 2
+7 3
+26 5
+23 1
-19 1
300 1
-99 1
+48 1
-67 1
300 1
-99 2
+48 1
-67 1
+22 1
-22 1
+19 1
+99 1
-96 1
+45 1
-60 1
300 1
188 1
-6 1
+67 1
-46 2
+14 1
-4 2
-4 1
+4 1
+4 2
+12 3
+2 1
+11 1
-4 1
-7 1
+6 1
-6 2
+11 1
-6 1
+3 1
-1 1
+1 1
+3 2
+64 2
-64 1
+64 2
-11 3
-53 2
+1 2
+6 6
cfi=(28) /build/glibc-XzEjT5/glibc-2.23/string/../sysdeps/arm/armv6/strchr.S
cfn=(80) index
calls=1 28 
* 79
* 2
+5 2
-3 1
+3 6
cfi=(33)
cfn=(108) _dl_catch_error
calls=1 -91 
* 9782
-36 7
-9 1
+9 2

fn=(155)
217 2
-4 4
-4 2
+4 2
+4 4
+12 6
+2 1
+11 1
-4 1
-7 1
+6 1
-6 2
+11 1
-6 1
+3 1
-1 1
+1 1
+3 2
+64 2
-64 1
+64 2
-11 3
-53 2
+1 46
+6 6
cfi=(28)
cfn=(80)
calls=1 28 
* 149
* 2
+5 2
-3 1
+3 6
cfi=(33)
cfn=(109) _dl_catch_error'2
calls=1 -91 
* 320
+2 3
+15 1
+2 3
+19 2
+1 2
-51 69
459 4
+2 4
+2 1
cfi=(18)
cfn=(51)
calls=1 300 
* 502
cfi=(17)
cfn=(42)
calls=1 95 
* 34
* 11
+7 10
cfi=(18)
cfn=(51)
calls=2 300 
* 34
+2 2
+2 2
-1 2
+1 4
+4 14
+3 6
-1 3
+1 7
202 2
+76 1
+8 1
+2 1
-6 1
+4 1
-3 1
+1 1
-3 1
+5 1
-8 1
+6 1
+4 5
+7 88
485 10
+1 1
+3 4
+10 4
cfi=(18)
cfn=(51)
calls=1 300 
* 255
cfi=(17)
cfn=(42)
calls=1 95 
* 34
* 89
618 1
+1 1
-5 1
+3 1
+1 9
+1 3
cfi=(42)
cfn=(148)
calls=1 29 
* 31
* 7
+4 1
+1 1
-1 4
+1 1
-1 1
+1 1
-1 1
+1 1
+6 1
-7 1
+7 2
-7 2
+1 2
-1 8
+1 2
-1 2
+1 2
-1 2
+1 2
+6 2
-7 2
+7 8
+2 8
+1 2
-1 4
+1 2
+2 2
+1 2
-1 4
+1 2
+28 18
cfi=(42)
cfn=(148)
calls=2 29 
* 35
* 8
-6 3
-28 6
+31 10
+10 4
+1 1
+2 2
-1 1
+1 2
+1 2
+7 2
+3 3
+3 3
423 8
218 14
-9 2
+9 6
-9 2
+9 4
+4 1
-2 1
+2 4
+7 6
459 1
210 1
459 3
613 1
-38 2
+38 1

fn=(156) openaux
60 4
+4 2
-4 2
+3 12
+2 6
-2 4
cfi=(23)
cfn=(118) _dl_map_object
calls=2 2189 
* 8185
* 1
+5 2
fi=(33)
188 2
+2 1
+1 1
-3 1
+1 2
+10 1
-9 1
+1 1
+8 2
fe=(43)

fl=(22) /build/glibc-XzEjT5/glibc-2.23/posix/../sysdeps/unix/syscall-template.S
fn=(68) uname
84 5
+1 2

fl=(9) /build/glibc-XzEjT5/glibc-2.23/elf/../sysdeps/unix/sysv/linux/arm/brk.c
fn=(18) brk
28 2
+3 2
cfi=(10) /build/glibc-XzEjT5/glibc-2.23/elf/../sysdeps/unix/sysv/linux/arm/libc-do-syscall.S
cfn=(20) __libc_do_syscall
calls=1 +9 
* 4
* 3
+2 1
-2 2
+2 1
+6 1
+1 1

fl=(49) /build/glibc-XzEjT5/glibc-2.23/elf/dl-init.c
fn=(226) _dl_init
80 2
+5 1
-5 1
+1 1
-1 1
+5 1
-3 1
-2 1
+5 2
+8 4
+25 4
+1 1
+1 4
-90 3
+89 1
+1 4
-90 3
+90 8
-90 18
cfn=(228) call_init.part.0
calls=3 -2 
* 277
+89 6
+7 1
-96 3
+58 6
cfn=(228)
calls=1 -60 
* 73
* 1

fn=(228)
28 4
+11 4
-3 12
+3 11
+5 15
+5 10
+9 14
cob=(3)
cfi=(51)
cfn=(242)
calls=1 -6 
* 222
cob=(2)
cfi=(16)
cfn=(230)
calls=1 -58 
* 9
* 2
+4 2
+6 1
+2 2
-2 1
+2 1
+1 3
+1 5
cob=(4)
cfi=(50)
cfn=(236)
calls=1 -72 
* 21
-1 3
-26 5
-5 3

fl=(12) /build/glibc-XzEjT5/glibc-2.23/elf/../misc/sbrk.c
fn=(24) sbrk
34 2
+8 8
+4 2
+16 2

fl=(30) /build/glibc-XzEjT5/glibc-2.23/elf/dl-debug.c
fn=(100) _dl_debug_state
74 2

fn=(96) _dl_debug_initialize
47 12
+3 4
+5 3
+5 4
+1 1
-2 1
+2 1
-1 1
+1 1
-1 1
+5 12
-14 8
+4 12
+3 2
-58 2

fl=(21)
fn=(66)
47 1
-2 1
+2 1
-2 1
+2 3
+85 2
-45 2
cfi=(22)
cfn=(68)
calls=1 -3 
* 7
+15 1
-15 1
+20 1
+8 1
-9 1
+3 15
+4 3
-2 3
+2 12
+10 3
-4 3
+2 3
+2 10
+5 2

fl=(44) /build/glibc-XzEjT5/glibc-2.23/io/../sysdeps/unix/sysv/linux/xstat64.c
fn=(162) __xstat64
fi=(23)
2092 2
-20 8
+3 3
+4 3
fi=(27)
652 1
fi=(23)
2079 1
fi=(27)
652 1
fi=(23)
2079 1
fi=(27)
652 2
cfi=(18)
cfn=(50)
calls=1 300 
* 20
* 4
cfi=(18)
cfn=(50)
calls=1 300 
* 18
fi=(23)
2085 1
-7 1
+7 1
-7 2
+7 1
+3 11
cfn=(122) open_verify.constprop.8
calls=1 1717 
* 39
+2 1
-2 1
+2 2
+7 2
+1 11
+6 3
+2 2
-2 2
+2 2
cfi=(44)
cfn=(163) __xstat64'2
calls=1 35 
* 2386
* 1
+3 3
+7 2
fe=(44)
35 2
-2 1
+2 2
cfi=(10)
cfn=(20)
calls=1 +5 
* 4
* 7
+6 1

fn=(163)
fi=(23)
2092 28
-20 119
+3 42
+4 42
fi=(27)
652 14
fi=(23)
2079 14
fi=(27)
652 14
fi=(23)
2079 14
fi=(27)
652 28
cfi=(18)
cfn=(50)
calls=14 300 
* 246
* 56
cfi=(18)
cfn=(50)
calls=14 300 
* 252
fi=(23)
2085 14
-7 14
+7 14
-7 28
+7 14
+3 154
cfn=(122)
calls=14 1717 
* 546
+2 14
-2 14
+2 28
+67 9
+7 3
-2 1
+2 1
-2 2
+2 2
+3 2
-13 1
+27 3
-84 28
+1 154
+6 42
+2 28
-2 28
+2 28
cfi=(44)
cfn=(163)
calls=14 35 
* 15843
* 15
+1 4
+2 42
+7 30
-5 4
fe=(44)
35 30
-2 15
+2 30
cfi=(10)
cfn=(20)
calls=15 +5 
* 60
* 30
+6 1
-6 70
+6 14

fl=(8) /build/glibc-XzEjT5/glibc-2.23/elf/../elf/dl-sysdep.c
fn=(14) _dl_sysdep_start
fi=(2)
339 5
440 3
fe=(8)
111 2
-25 1
+25 2
-25 1
+24 1
-24 1
+25 2
-1 1
+1 3
-1 1
+1 77
+6 1
-2 1
-4 1
+3 1
-3 1
+3 1
+1 1
-1 1
+3 37
+1 71
-1 99
+62 1
+1 1
-1 1
+1 1
-29 1
+1 1
-1 1
+1 1
+11 1
+1 1
-1 1
+1 1
-7 4
+1 3
-4 1
+1 1
-1 1
+1 1
-25 1
+1 2
-4 1
+1 1
-1 1
+1 1
-7 1
+1 1
+2 1
+1 1
fi=(6) /build/glibc-XzEjT5/glibc-2.23/elf/../sysdeps/arm/dl-machine.h
259 1
fi=(21)
35 2
cfi=(9)
cfn=(18)
calls=1 -7 
* 17
fi=(6)
259 5
fe=(8)
-25 2
cfi=(12)
cfn=(24)
calls=1 34 
* 14
* 4
+12 4
+3 7
cfi=(2)
cfn=(26) dl_main
calls=1 790 
* 105711
-17 1
cfi=(11)
cfn=(22)
calls=1 70 
* 34
* 2
+8 5

fn=(216) _dl_sysdep_start_cleanup
256 1

fl=(34) /build/glibc-XzEjT5/glibc-2.23/setjmp/../sysdeps/arm/setjmp.S
fn=(112) __sigsetjmp
27 9
+2 3
+4 3
+4 3
+1 3
+1 3
+2 3
+1 3
+9 3
+10 9
+22 3
+5 3
+1 3
+20 3
cfi=(17)
cfn=(114)
calls=3 +41 
* 15

fl=(31)
fn=(212) _dl_add_to_slotinfo
890 2
+9 1
-3 1
+3 3
+5 3
+42 3
-1 1
+1 3
+1 1

fn=(184) _dl_determine_tlsoffset
144 1
-6 1
+6 1
-6 1
+6 3
+3 3
+83 1
-81 1
+81 2
+2 12
+3 1
+4 1
-2 1
+2 1
-4 1
+2 1
-3 1
+5 1
-2 2
+2 1
-5 1
+3 1
-3 1
+5 2
+14 5
cfi=(1) ???
cfn=(186) __udivsi3
calls=1 0 
* 12
+1 2
-24 1
+23 1
+1 2
+1 3
+2 2
+1 1
-28 5
+34 1
-34 4
+37 2
+1 1
+7 1
-8 1
+8 1
+1 2
cfi=(2)
cfn=(183) init_tls'2
calls=1 638 
* 565

fn=(214) _dl_allocate_tls_init
449 2
+1 3
+10 1
-6 1
+6 5
+12 1
-15 2
+15 1
-16 3
+16 1
+11 1
-11 1
+11 1
+10 6
-16 7
+6 12
+20 2
+1 5
fi=(27)
652 5
cfi=(18)
cfn=(50)
calls=1 300 
* 18
fe=(31)
515 6
cfi=(42)
cfn=(148)
calls=1 29 
* 49
* 3
-38 5
+6 4
+3 1
+1 2
+6 5
+3 1
-2 1
+2 1
+1 1
-3 2
+2 2
+1 1
+3 1
-1 3
+30 1
+3 3

fn=(190) allocate_dtv
314 1
+8 1
-1 1
-7 1
+7 2
+1 1
-1 1
+1 1
cfi=(17)
cfn=(36)
calls=1 111 
* 52
* 8
+69 2
+5 2

fn=(98) _dl_count_modids
115 4
+1 1
+15 1

fn=(188) _dl_allocate_tls_storage
fi=(2)
639 2
+6 1
+3 1
-3 1
+3 1
-3 2
+3 1
cfi=(10)
cfn=(20)
calls=1 40 
* 4
* 2
+3 2
+2 1
-2 2
+3 1
fe=(31)
354 1
+2 2
+6 1
-6 1
+6 4
+5 2
cfi=(42)
cfn=(148)
calls=1 29 
* 448
cfi=(17)
cfn=(48)
calls=1 53 
* 72
* 12

fn=(189)
390 2
cfn=(190)
calls=1 -76 
* 73

fn=(170)
52 1
-3 1
+3 5
+48 3
+4 1

fl=(11)
fn=(22)
70 19
+1 19
+5 19
+1 19
+1 19
+1 19
+1 19
+1 8
+1 8
+3 8
+2 8
+1 8
+2 8
+1 8
+1 8
+1 8
+1 8
+3 7
+2 7
+1 7
+1 7
+1 7
+1 7
+1 7
+3 5
+2 5
+1 5
+1 5
+1 5
+1 5
+1 5
+3 5
+2 5
+1 5
+1 5
+1 5
+1 5
+1 5
+1 5
+1 5
-41 6
+2 6
+1 6
+2 6
+1 6
+1 6
+1 6
+1 6
+3 4
+2 4
+1 4
+1 4
+1 4
+1 4
+1 4
-14 11
+1 11
+1 11
+1 11
+1 11
+3 7
+2 7
+1 7
+1 7
+1 7
+1 7
+1 7
+3 2
+2 2
+1 2
+1 2
+1 2
+1 2
+1 2
+3 1
+2 1
+1 1
+1 1
+1 1
+1 1
+1 1
+1 1
+1 1
+3 19
+1 19
+1 19
+1 19
+2 19
+2 19
+1 19
+4 19
+1 19
+4 11
+2 11
+1 11
+1 11
+1 11
+1 11
+1 11
+7 11
+1 11
+1 11
+2 11
+1 11
+1 11

fl=(33)
fn=(108)
fi=(2)
683 2
+10 4
+4 2
fi=(43)
217 1
-4 2
-4 1
+4 1
+4 2
+26 48
+13 3
+15 1
+2 3
+19 2
-50 75
459 2
+19 6
+3 3
-1 1
+1 2
278 1
+8 1
+2 1
-6 1
+4 1
-3 1
+1 1
-3 1
+5 1
-8 1
+6 1
+4 5
+7 96
423 4
218 7
-9 1
+9 3
-9 1
+9 2
+4 1
-2 1
+2 4
+2 17
+5 9
459 1
210 1
459 3
+2 2
+2 1
cfi=(18)
cfn=(50)
calls=1 300 
* 1384
cfi=(17)
cfn=(42)
calls=1 95 
* 34
* 11
fe=(33)
163 4
+17 2
-5 2
+1 2
+4 2
-17 2
+12 2
+3 2
-1 2
+1 2
+2 2
-4 2
-1 2
+2 2
+3 2
cfi=(2)
cfn=(110) _dl_initial_error_catch_tsd
calls=2 664 
* 6
+5 2
-4 2
+1 4
+3 2
-4 2
+4 2
cfi=(34)
cfn=(112)
calls=2 27 
* 46
* 4
+2 6
cfi=(43)
cfn=(156)
calls=1 60 
* 7976
cfi=(2)
cfn=(116) map_doit
calls=1 496 
* 3540

fn=(109)
163 2
+17 1
-5 1
+1 1
+4 1
-17 1
+12 1
+3 1
-1 1
+1 1
+2 1
-4 1
-1 1
+2 1
+3 1
cfi=(2)
cfn=(110)
calls=1 664 
* 3
+5 1
-4 1
+1 2
+3 1
-4 1
+4 1
cfi=(34)
cfn=(112)
calls=1 27 
* 23
* 2
+2 3
cfi=(43)
cfn=(156)
calls=1 60 
* 254
+1 2
+2 1
+1 1
-3 1
+1 2
+10 1
-9 1
+1 1
+8 2

fn=(172)
fi=(2)
1720 4
+1 2
+1 1
cfn=(182) init_tls
calls=1 589 
* 83996
fe=(33)
205 2
+1 1
-1 2
+6 1
-5 1
+5 1
-5 2
cfi=(2)
cfn=(110)
calls=1 664 
* 3
+5 1
+3 1
+1 1
-9 1
+11 1
-7 1
+4 1
+3 1
cfi=(2)
cfn=(174) version_check_doit
calls=1 531 
* 2079

fl=(29)
fn=(88)
40 6
+1 3
cfi=(11)
cfn=(22)
calls=3 +29 
* 154
* 3
+1 6
cfi=(17)
cfn=(42)
calls=3 +53 
* 102
* 24
-42 9
fi=(1)
cfi=(18)
cfn=(50)
calls=3 300 
0 86
fe=(29)

fl=(28)
fn=(80)
28 6
+2 6
+8 6
+1 6
+1 6
+1 6
+1 6
+1 6
+3 56
+2 56
+1 56
+1 56
+1 56
+1 56
+1 56
+3 5
+1 5
+1 5
+1 5
+1 3
+3 3
+7 3
+2 3
+2 3
+1 3
+1 3
+5 3
+7 3
+1 3
+1 3
+1 3
+1 3
+1 3
+1 3
+1 3
+1 3
+1 3
+1 3
+1 3
+2 3
-13 3
+1 3
+1 3
+1 3
+1 3
+1 3
+1 3
+1 3
+1 3
+1 3
+1 3
+1 3
+2 3
+6 3
+1 3
+1 3
+1 3
+1 3
+1 3
+5 3
+6 3
+1 3
+1 3
+1 3
+1 3
+1 3
+2 3
+9 3
+1 3
+1 3
+1 3
cfi=(23)
cfn=(71) _dl_init_paths'2
calls=1 810 
* 1011
-3 3
+1 3
+1 3
+1 3

fn=(81) index'2
28 1
+2 1
+8 1
+1 1
+1 1
+1 1
+1 1
+1 1
+3 14
+2 14
+1 14
+1 14
+1 14
+1 14
+1 14
+3 1
+1 1
+1 1
+1 1
+80 1
+1 1
+1 1
+1 1

fl=(7)
fn=(202) do_lookup_x
355 485
+1 97
-1 291
+6 97
-6 388
+6 97
+42 97
523 97
-39 97
-81 194
-22 97
484 97
+39 97
-39 97
381 97
523 97
381 97
484 291
366 194
+3 194
-3 422
+3 422
+4 616
+4 924
+4 1232
+6 924
+8 308
-4 308
+5 308
+3 308
-4 308
+1 308
-5 308
+4 308
+1 308
-4 308
+8 616
+10 308
-8 308
+8 616
-8 308
+8 308
-8 308
+8 308
-8 308
+8 2464
-99 220
553 1860
+1 74
cfi=(35)
cfn=(120)
calls=37 288 
* 1341
* 74
+3 660
+3 9
+1 18
-92 264
+50 660
+4 44
+12 88
+2 88
-2 88
+1 88
+25 176
413 324
cfi=(1)
cfn=(204) __aeabi_uidivmod
calls=108 0 
* 15653
* 216
+2 216
+2 108
+6 108
-6 216
+6 108
-6 108
+6 108
-6 540
+6 108
-6 432
+13 444
-10 944
+2 88
+1 88
-1 88
+1 176
-1 88
+1 1144
cfn=(206) check_match
calls=88 92 
* 12365
+4 176
+34 60
+94 140
439 792

fn=(206)
92 352
+3 1496
+12 528
+3 448
cfi=(19)
cfn=(58)
calls=24 +71 
* 1699
* 48
+4 88
+1 88
+2 172
+19 86
+1 86
-1 86
+1 602
+39 176
-11 4
+2 2
+1 8
-1 8
-29 258
cfi=(19)
cfn=(58)
calls=86 +43 
* 5872
* 258

fn=(12)
953 4
+3 8
+4 4
+4 8
+2 4
-1 4
+3 12
+1 4
+1 8
+7 4
-4 4
+4 8
-2 4
+2 4
-7 4
+2 4
+6 4

fn=(200) _dl_lookup_symbol_x
806 291
568 97
806 582
568 388
+1 194
-1 291
+1 2470
-1 3705
812 97
-4 194
+1 97
+3 97
-3 194
+3 291
+4 452
+7 194
-2 194
+6 194
-7 1164
+15 81
-8 45
+2 1552
cfn=(202)
calls=97 355 
* 57360
+3 194
+26 582
+22 88
+1 528
+31 88
+9 440
+14 264
+3 616
+5 88
+2 291
-85 54
+16 18
+1 18
+59 3

fl=(37)
fn=(136)
fi=(36) /build/glibc-XzEjT5/glibc-2.23/elf/../sysdeps/posix/dl-fileid.h
37 4
fi=(23)
919 8
fi=(36)
40 2
fi=(23)
919 2
fi=(36)
40 2
+1 2
fi=(23)
919 2
fi=(36)
41 2
fi=(23)
919 18
+1 15
fi=(36)
49 35
fi=(23)
937 6
+24 6
+10 10
+22 8
+32 2
904 6
1025 2
+3 18
cfi=(15)
cfn=(33)
calls=2 61 
* 3009
fi=(35)
55 2
+2 2
+3 1
+13 2
cfi=(25)
cfn=(152)
calls=1 +11 
* 7
+3 3
-14 6
cfi=(38)
cfn=(138)
calls=1 -32 
* 16
* 2
fe=(37)
-27 6
-2 3
+2 6
cfi=(10)
cfn=(20)
calls=3 +5 
* 12
* 6
+6 3

fl=(1)
fn=(204)
0 432
cfn=(186)
calls=108 0 
0 14789
0 432

fn=(186)
0 14801

fn=(0) 0x000009c0
0 4
cfi=(2)
cfn=(2) _dl_start
calls=1 353 
0 254098610

fl=(40)
fn=(144)
84 30
+1 12

fn=(220) munmap
84 5
+1 2

fl=(46) /build/glibc-XzEjT5/glibc-2.23/elf/dl-version.c
fn=(180) match_symbol
76 12
+9 3
-9 9
+9 6
-8 3
+8 3
-8 3
+8 3
+6 9
+15 3
+1 6
+2 6
+5 9
+14 21
+12 12
+4 4
-30 12
+19 15
cfi=(19)
cfn=(58)
calls=3 +48 
* 206
* 6
+35 9

fn=(178) _dl_check_map_versions
189 3
-15 3
+17 1
+3 3
-1 1
+1 2
-1 1
+3 3
+3 4
+4 3
56 2
237 2
56 2
237 4
-17 1
56 1
220 1
56 3
220 1
56 2
+1 2
-1 4
+2 9
cfi=(35)
cfn=(120)
calls=3 288 
* 166
* 6
228 3
+5 4
+4 22
cfn=(180)
calls=1 76 
* 115
+7 1
+3 1
-3 4
-7 1
+10 2
+9 4
+14 2
+17 2
+6 4
cfi=(17)
cfn=(36)
calls=1 111 
* 52
* 53
+93 16
cfn=(179) _dl_check_map_versions'2
calls=2 189 
* 1521
-2 2
+2 6
-1 2
-1 4

fn=(179)
189 9
-15 9
+17 3
+3 9
-1 3
+1 6
-1 3
+3 9
+3 4
+4 3
56 2
237 2
56 2
237 4
-17 1
56 1
220 1
56 3
220 1
56 2
+1 3
-1 6
+2 12
cfi=(35)
cfn=(120)
calls=4 288 
* 270
* 8
228 3
+5 4
+19 1
-15 32
cfn=(180)
calls=2 76 
* 245
+7 2
+3 2
-3 8
-7 2
+10 4
+9 4
+14 2
+3 10
+10 20
-7 20
+3 20
-3 80
+3 40
-3 2
+3 2
-3 8
+3 4
+8 4
+87 3
-81 8
cfi=(17)
cfn=(36)
calls=2 111 
* 104
* 475
183 2
+87 2
-87 2
+87 4
-80 2
386 8
cfn=(179)
calls=1 189 
* 186
-2 2
+2 6
-1 2
-1 4
+5 2

fn=(176) _dl_check_all_versions
fi=(2)
531 1
+1 1
fe=(46)
380 1
+4 6
+2 8
cfn=(178)
calls=1 189 
* 2051

fl=(60) /build/glibc-XzEjT5/glibc-2.23/elf/dl-runtime.c
fn=(266) _dl_fixup
72 10
-4 10
-2 20
+5 10
+2 10
-2 10
-2 10
+5 10
-1 10
-4 10
+5 10
-1 10
+6 20
-6 20
+6 10
+4 30
+4 20
+4 9
+1 36
+1 9
+1 27
+7 18
-1 9
+1 18
+10 108
cfi=(7)
cfn=(200)
calls=9 806 
* 7966
-10 2
-1 1
+1 2
+10 12
cfi=(7)
cfn=(200)
calls=1 806 
* 935
+4 10
-4 10
+4 10
+10 80
+16 40
+4 40
fi=(6)
269 10
fe=(60)
149 30

fl=(24) /build/glibc-XzEjT5/glibc-2.23/elf/dl-hwcaps.c
fn=(72) _dl_important_hwcaps
fi=(23)
702 1
+5 2
cfi=(28)
cfn=(80)
calls=1 28 
* 1125
cfi=(17)
cfn=(42)
calls=2 95 
* 68
* 406
fe=(24)
39 2
+2 1
-2 1
+2 1
-2 1
+3 1
-3 2
+3 4
-1 4
+10 1
-10 1
+10 7
+1 7
-1 1
+1 1
-1 3
+2 2
-2 3
+2 3
-2 6
+1 84
-1 12
+1 12
-1 36
+2 24
-2 36
+2 36
-2 72
+10 6
162 4
fi=(26) /build/glibc-XzEjT5/glibc-2.23/elf/../sysdeps/unix/sysv/linux/arm/dl-procinfo.h
42 1
fe=(24)
167 3
fi=(26)
42 2
fe=(24)
163 234
fi=(26)
42 4
fe=(24)
165 2
+2 2
-2 2
fi=(26)
42 2
fe=(24)
165 2
+2 2
-2 2
+2 2
fi=(26)
42 2
fe=(24)
165 2
+1 2
cfi=(11)
cfn=(22)
calls=2 -96 
* 67
+1 12
-5 2
+4 2
+1 4
+1 2
-1 2
+1 2
-2 2
-4 4
+6 2
-53 4
cfi=(25)
cfn=(74)
calls=1 -31 
* 14
* 2
+47 24
+8 2
+2 1
+1 1
-1 4
+1 1
+4 1
+1 1
-1 5
+4 1
-3 1
+3 2
+3 3
+4 3
+1 1
-1 13
+1 2
+2 2
+2 2
-1 1
+1 2
-1 1
+1 2
-1 1
+1 2
-1 1
+2 3
+1 2
+1 4
+5 3
+6 5
+1 1
-1 1
+1 2
cfi=(18)
cfn=(50)
calls=1 +92 
* 1081
cfi=(17)
cfn=(42)
calls=1 95 
* 34
* 37
-95 1
+17 1
-17 3
+17 2
+1 1
-1 4

fl=(59)
fn=(264)
40 10
+8 10
+4 10
+1 10
+1 10
+3 10
cfi=(60)
cfn=(266)
calls=10 +15 
* 9612
+3 10
+4 10
+4 10

fl=(10)
fn=(20)
40 29
+5 29
+1 29
+1 29

fl=(23)
fn=(158) open_path
2040 2
+1 1
-1 1
+1 1
+6 3
-2 4
+7 1
-7 1
+7 2
-8 1
+8 8
1491 1
2052 4
1485 1
2052 1
1491 1
-6 1
+6 1
-6 1
2064 5
+7 1
fi=(27)
652 1
fe=(23)
2071 1
fi=(27)
652 3
cfi=(18)
cfn=(50)
calls=1 300 
* 20
fe=(23)
2072 3
fi=(27)
652 2
fe=(23)
2072 2
+7 2
+6 2
+34 1
-47 2
+7 1
+40 1
-34 1
+34 2
-27 2
-17 3
+4 3
fi=(27)
652 1
fe=(23)
2079 1
fi=(27)
652 1
fe=(23)
2079 1
fi=(27)
652 2
cfi=(18)
cfn=(50)
calls=1 300 
* 22
* 4
cfi=(18)
cfn=(50)
calls=1 300 
* 18
fe=(23)
2085 1
-7 1
+7 1
-7 2
+7 1
+3 11
cfn=(122)
calls=1 1717 
* 39
+2 1
-2 1
+2 2
+7 2
+1 11
+6 3
+2 2
-2 2
+2 2
cfi=(44)
cfn=(162)
calls=1 35 
* 2555
2335 5
-6 1
+6 1
666 1
2336 1
666 2
2344 2
+14 3
+2 4
+4 2
cfi=(45)
cfn=(164) _dl_load_cache_lookup
calls=1 193 
* 4623

fn=(86) expand_dynamic_string_token
373 6
+10 4
-10 2
+10 2
cfi=(28)
cfn=(80)
calls=1 28 
* 195
cfi=(28)
cfn=(81)
calls=1 28 
* 114
* 2
+4 2
+11 2
-11 2
cfi=(29)
cfn=(88)
calls=2 40 
* 255

fn=(118)
fi=(2)
499 1
+2 2
fe=(23)
2189 12
+8 9
+1 15
+3 21
+19 15
-19 18
+5 35
+2 21
cfi=(35)
cfn=(120)
calls=7 288 
* 453
* 14
+4 18
+1 18
+3 2
+2 2
-2 6
+2 4
cfi=(19)
cfn=(58)
calls=2 181 
* 40
* 2
+2 6
cfi=(19)
cfn=(58)
calls=2 181 
* 40
* 4
+14 2
+1 2
-1 2
+1 12
+1 1
2500 8
2244 10
-53 2
+87 2
+2 4
-2 4
+2 2
cfi=(28)
cfn=(80)
calls=2 28 
* 91
* 4
2431 5
-2 1
+2 1
cfn=(86)
calls=1 373 
* 357
+1 1
-3 1
+3 2
+4 9
cfn=(122)
calls=1 1717 
* 1284
+3 1
-3 1
+3 1
+12 4
+46 1
+1 2
-1 1
+1 2
-1 1
+1 8
-1 1
+1 1
cfn=(132) _dl_map_object_from_fd
calls=1 893 
* 1562
2284 2
cfi=(11)
cfn=(22)
calls=1 70 
* 41
+2 4
-2 2
+2 1
+7 6
+35 5
+1 16
cfn=(158)
calls=1 2040 
* 7426
-32 5
+5 4
+3 1
-3 4
+3 5
-3 3
666 1
2303 1
666 2
2419 4
2317 2
+1 7
666 3
fi=(43)
63 1
+5 2
fe=(23)

fn=(122)
1717 36
+39 18
-39 18
+39 18
-39 18
+39 18
-39 36
+39 18
-39 18
+39 72
+31 54
cfi=(25)
cfn=(124)
calls=18 84 
* 238
+2 18
-2 18
+2 18
+10 4
+1 4
-1 4
+1 2
+5 8
cfi=(25)
cfn=(126) read
calls=2 84 
* 14
* 2
+2 4
+2 4
+2 6
+6 4
+16 12
cfi=(14)
cfn=(30)
calls=2 312 
* 121
* 36
cfi=(14)
cfn=(30)
calls=2 312 
* 112
* 4
+74 6
+5 6
+2 8
+6 4
+11 6
+6 2
+1 2
-1 2
+1 6
+1 4
+20 8
+16 18
-16 48
+2 64
+4 10
+1 6
+12 2
+4 2
-4 14
+4 4
+5 1
+1 1
-13 4
cfi=(14)
cfn=(30)
calls=1 312 
* 48
* 8
cfi=(14)
cfn=(30)
calls=2 312 
* 78
* 6
+16 2
+6 4
+1 12
1664 4
+3 4
-3 2
+3 2
cfn=(128) check_arm_attributes_hfabi.constprop.9
calls=2 1539 
* 1955
+1 4
+4 4
+7 8
+3 6
-3 2
+7 2
+2 4
2026 6
1769 16
2026 48
-8 2
1829 2
+4 4
cfi=(14)
cfn=(30)
calls=1 312 
* 62
* 2

fn=(132)
893 10
+10 2
-10 2
+10 2
-10 6
+10 2
cfi=(30)
cfn=(96)
calls=2 47 
* 26
fi=(36)
37 4
fe=(23)
903 2
fi=(36)
37 4
cfi=(37)
cfn=(136)
calls=2 -2 
* 3183
fe=(23)
2500 4

fn=(70)
fi=(2)
1251 3
cfi=(30)
cfn=(96)
calls=1 47 
* 26
+7 1
-5 1
-2 1
+2 1
+5 1
+3 3
+1 2
+9 1
-9 1
+4 1
+5 1
-9 1
+1 1
+2 1
-3 2
+4 1
-1 2
+6 1
-5 2
-3 1
+8 1
-7 1
+2 1
+6 7
+17 5
+1 3
+4 1
+7 1
-6 1
+6 1
-9 1
+2 1
-2 1
+2 2
+6 1
-5 1
+5 2
+1 5
+2 2
+1 1
-1 2
+1 1
+5 4
+5 5
805 1
1491 1
cfi=(31)
cfn=(98)
calls=1 115 
* 6
+8 1
-8 1
+8 1
+3 1
+4 4
+5 2
+1 1
cfi=(30)
cfn=(100)
calls=1 74 
* 1
+1 1
+4 5
+15 4
+4 3
-2 1
+2 1
+3 2
cfn=(102) handle_ld_preload
calls=1 757 
* 100323
fe=(23)
702 1
-13 1
+13 2
-13 2
+13 2
-13 1
+13 4
cfi=(24)
cfn=(72)
calls=1 39 
* 3628

fn=(71)
810 2
+2 2
cfi=(11)
cfn=(22)
calls=1 70 
* 48
* 7
cfi=(18)
cfn=(50)
calls=1 300 
* 20
* 1
+17 5
+1 2
-1 1
+2 2
-2 2
+1 26
-1 13
+2 26
-2 28
+5 1
cfn=(82) fillin_rpath
calls=1 444 
* 770
cfi=(17)
cfn=(42)
calls=1 95 
* 34
* 21

fn=(82)
444 5
+2 2
-2 3
+46 3
-46 2
+46 1
-42 3
cfi=(17)
cfn=(84)
calls=1 -97 
* 208
* 3
+7 1
-4 1
+4 2
+35 14
+1 12
+18 3
+4 5
-1 6
cfi=(18)
cfn=(50)
calls=1 300 
* 150
cfi=(17)
cfn=(42)
calls=1 95 
* 34
* 13
-55 4
cfn=(86)
calls=1 -84 
* 229
+4 3
+5 1
cfi=(11)
cfn=(22)
calls=1 70 
* 33
+1 2
+7 10
+5 2
+4 1
-4 2
+4 2
845 3
+6 2
+4 1
-4 2
+4 2

fn=(83)
548 2
cfi=(17)
cfn=(84)
calls=1 351 
* 15
cfi=(17)
cfn=(94)
calls=1 120 
* 7
* 6
448 3
552 2
+3 3
-31 1
-3 1
+1 1
+2 1
-3 1
+3 1
-2 1
+2 1
+1 2
+5 3
+1 1
-1 3
+1 18
+1 16
-1 32
+3 2
+1 3
+8 1
-1 1
+1 2
+3 1
-4 1
+4 3
-6 3

fn=(128)
1539 4
+4 2
-4 2
+4 2
-4 6
+9 2
-5 2
+5 2
-9 2
+8 6
+1 2
cfi=(25)
cfn=(130) lseek
calls=2 84 
* 14
+1 8
cfi=(25)
cfn=(126)
calls=2 84 
* 14
* 4
+3 8
+61 4
-61 2
+61 4
+10 8
-71 212
+2 275
+4 2
+4 4
-4 2
+4 2
-4 4
+4 4
cfi=(25)
cfn=(130)
calls=2 84 
* 14
+1 8
cfi=(25)
cfn=(126)
calls=2 84 
* 14
* 2
-5 2
+5 4
+6 6
+6 2
-2 2
+2 4
+5 2
+8 4
-8 4
+8 12
-10 8
+6 2
+4 2
-2 2
+2 4
cfi=(19)
cfn=(58)
calls=2 181 
* 130
* 6
+6 4
cfi=(11)
cfn=(22)
calls=2 70 
* 82
* 2
+7 2
-6 2
+6 4
+7 2
+3 8
+9 2
-1 2
+1 2
-4 2
+11 66
1520 29
+1 29
+3 29
-3 87
+3 29
1631 232
+3 4
cfi=(11)
cfn=(22)
calls=2 70 
* 68
+7 6
-6 4
+6 2
-14 54
+4 54
1520 27
+1 108
+3 54
1641 108
+2 4
+11 4
-11 2
+11 4

fl=(38)
fn=(138)
30 16
+1 16
+5 32
cfi=(10)
cfn=(20)
calls=8 +4 
* 32
* 32

fl=(2)
fn=(192) security_init
719 1
-2 1
+2 1
-2 1
+20 1
fi=(92) /build/glibc-XzEjT5/glibc-2.23/elf/../sysdeps/unix/sysv/linux/dl-osinfo.h
62 1
fe=(2)
717 1
+6 1
-6 1
+15 1
-9 1
+9 1
fi=(92)
62 1
fe=(2)
723 2
fi=(92)
78 1
fe=(2)
737 1
-5 1
+6 3

fn=(2)
0 13
fi=(1)
cfi=(49)
cfn=(226)
calls=1 80 
0 428
0 3
fi=(1)
cob=(5)
cfi=(58)
cfn=(258)
calls=1 0 
0 253991270
353 3
fi=(6)
57 1
fe=(2)
353 2
fi=(6)
48 1
fe=(2)
353 1
fi=(6)
48 1
+9 1
fe=(2)
397 1
fi=(6)
64 1
fe=(2)
394 1
fi=(6)
63 1
+1 1
fe=(2)
394 1
+3 1
fi=(3)
45 1
fe=(2)
397 1
-3 1
fi=(3)
45 1
+25 1
-5 1
+2 1
-2 1
-1 1
+6 1
-9 1
+6 1
-3 1
+6 1
-9 1
+6 1
+3 1
-3 1
-3 1
-3 2
-13 52
-3 26
+2 26
-2 2
+2 10
+13 20
+1 12
-16 12
+33 2
+20 7
+1 7
+1 7
+1 7
+5 7
+2 7
+1 7
+1 7
+6 4
+3 3
+13 4
+1 4
+4 4
+2 4
+3 5
+1 3
fe=(2)
408 2
+7 1
304 1
415 1
305 1
-3 1
+2 1
415 1
305 1
-3 1
415 2
302 1
cfi=(7)
cfn=(12)
calls=1 953 
* 23
+15 1
+6 1
-6 1
-11 1
+17 2
-17 1
+11 1
-11 1
-3 1
+1 1
+1 1
+18 1
cfi=(8)
cfn=(14)
calls=1 111 
* 106158
fi=(3)
62 3
+3 3
fe=(2)
413 27
fi=(4) /build/glibc-XzEjT5/glibc-2.23/elf/do-rel.h
84 1
+27 1
-27 2
-1 2
+28 1
+1 17
-1 17
fi=(6)
650 51
fi=(4)
111 17
+5 5
+8 2
fi=(5) /build/glibc-XzEjT5/glibc-2.23/elf/../sysdeps/arm/dl-irel.h
-91 1
fi=(6)
314 2
fi=(5)
33 2
fi=(6)
314 3
fi=(4)
136 1
fi=(6)
383 1
fi=(4)
139 1
-2 1
fi=(6)
355 1
fi=(4)
139 1
-2 1
fi=(6)
386 1
-3 1
+3 2
-3 1
+3 1
fi=(4)
136 8
fi=(6)
383 8
fi=(4)
139 8
-2 8
fi=(6)
355 8
fi=(4)
139 8
-2 8
fi=(6)
386 8
-3 8
+3 16
-3 8
+3 8
+5 36
fi=(3)
68 4
+2 5
fi=(4)
+54 28
fi=(6)
415 9
+1 45
fe=(2)

fn=(26)
790 2
2383 1
790 1
2383 1
+7 1
-7 2
790 1
2390 1
-7 1
790 1
2383 1
+3 1
790 2
+19 1
2390 1
809 1
2383 1
+7 3
-7 1
+7 1
812 1
2390 1
809 1
2390 1
812 1
2526 1
812 1
-3 1
2534 1
2390 2
809 1
2390 1
2534 1
816 1
2390 1
2526 1
817 1
-1 1
+6 1
2534 1
817 1
2523 1
822 1
2385 1
2523 1
816 1
+1 1
+5 1
2523 1
2392 2
cfi=(13)
cfn=(28)
calls=1 30 
* 45
* 4
cfi=(13)
cfn=(28)
calls=2 30 
* 115
* 9
+4 35
+1 19
-1 76
+3 4
+6 14
2553 5
+30 7
832 5
1033 10
cfi=(15)
cfn=(32)
calls=1 61 
* 105108
2480 1
+1 1
-1 4
+1 4
cfi=(14)
cfn=(30)
calls=1 312 
* 86
* 2
-55 5
cfi=(14)
cfn=(30)
calls=1 312 
* 18
* 2
+7 5
cfi=(14)
cfn=(30)
calls=1 312 
* 56
* 1
+2 5
+48 5
fi=(8)
250 1
+1 2
fe=(2)

fn=(54)
704 16

fn=(56)
710 16

fn=(182)
589 1
+2 3
+4 1
-4 1
+4 2
+10 4
cfi=(31)
cfn=(184)
calls=1 144 
* 654
cfi=(17)
cfn=(36)
calls=1 111 
* 52
* 37
1722 1
+2 4
+3 1
cfn=(192)
calls=1 719 
* 21
+2 3
1959 3
2080 1
+11 1
-1 1
-10 1
+28 2
-28 1
+28 1
-21 2
-7 1
+28 1
+1 2
-29 2
+28 1
-21 1
+22 1
-22 1
+4 1
+2 8
+5 8
+2 8
+6 12
+2 12
+1 24
cfi=(47) /build/glibc-XzEjT5/glibc-2.23/elf/dl-reloc.c
cfn=(194) _dl_relocate_object
calls=3 149 
* 74672
+4 21
-22 10
+33 4
+5 8
+2 5
+5 3
cfi=(31)
cfn=(214)
calls=1 449 
* 170
+3 5
-25 2
cfi=(31)
cfn=(212)
calls=1 890 
* 18
* 1
-12 2
+1 1
-3 2
+48 8
+2 3
+17 1
+1 3
-1 2
+1 2
cfi=(47)
cfn=(194)
calls=1 149 
* 8107
+11 1
cfi=(8)
cfn=(216)
calls=1 256 
* 1
+4 5
+20 3
cfi=(30)
cfn=(96)
calls=1 47 
* 13
+1 1
-1 1
+2 1
cfi=(30)
cfn=(100)
calls=1 74 
* 1
+1 1
+4 1
cfi=(45)
cfn=(218) _dl_unload_cache
calls=1 321 
* 19
+5 3
2015 2
+4 1
-4 1
+4 2
+4 1
-8 1
+4 1
+7 1
-3 1
+3 1
-7 1
+7 1

fn=(183)
638 1
cfi=(31)
cfn=(188)
calls=1 354 
* 564

fn=(174)
531 2
-2 1
+2 1
-2 1
+2 3
cfi=(46)
cfn=(176)
calls=1 380 
* 2068
fi=(33)
220 1
-1 1
+1 1
fe=(2)

fn=(106) do_preload
670 2
+10 1
-10 1
+12 1
-12 1
+10 1
-3 1
+5 6
-6 1
-4 1
+8 1
-2 1
-6 1
+6 1
+4 1
cfi=(33)
cfn=(108)
calls=1 163 
* 3602
+80 1
+18 1
-18 2
+21 4

fn=(116)
496 2
+2 1
+1 2
-3 1
+3 8
cfi=(23)
cfn=(118)
calls=1 2189 
* 3514
fi=(33)
188 2
+2 1
+1 1
-3 1
+1 2
+10 1
-9 1
+1 1
+8 2
fe=(2)

fn=(102)
757 2
108 1
757 1
+23 1
-8 1
108 1
757 2
+1 1
+22 2
-18 2
fi=(32) /build/glibc-XzEjT5/glibc-2.23/elf/../string/bits/string2.h
962 97
+1 44
-2 88
+2 44
-2 90
+2 1
-2 2
fe=(2)
766 3
108 1
776 3
+1 2
108 1
779 3
+1 4
cfn=(106)
calls=1 670 
* 3631
-12 5
cfi=(18)
cfn=(50)
calls=1 300 
* 36
+1 3
1539 1
+13 5
cfi=(25)
cfn=(74)
calls=1 84 
* 14
* 2
+77 2
-96 1
+96 2
+18 10
cfi=(43)
cfn=(154)
calls=1 160 
* 96200
-14 1
+1 1
-1 5
+4 2
+1 1
+1 2
+1 2

fn=(110)
664 12

fl=(27)
fn=(78)
652 3
fi=(24)
251 3
fe=(27)
652 9
cfi=(18)
cfn=(51)
calls=3 300 
* 42
* 20
fi=(24)
257 4
fe=(27)
652 8
fi=(24)
257 12
+1 24
+1 8
fe=(27)
652 12
cfi=(18)
cfn=(51)
calls=4 300 
* 60
fi=(24)
257 4
fe=(27)
652 12
fi=(24)
257 4
fe=(27)
652 12
cfi=(18)
cfn=(51)
calls=4 300 
* 56
* 12
fi=(24)
264 8
+5 7
+1 1
-1 1
+1 1
-1 18
+1 15
-1 46
+5 7
+3 3
+1 3
-4 3
+3 9
+1 93
+1 32
-1 32
+1 32
-1 32
+1 32
-2 32
+2 64
-1 32
-1 100
+4 14
+3 1
+2 1
-1 1
-1 1
+2 1
-1 1
+1 1
-1 1
+1 3
+2 3
+1 3
+2 1
-2 1
-3 1
+5 1
-5 1
+2 15
+1 15
+2 5
-2 5
-3 5
+5 5
-5 15
-9 2
+22 4
+3 2
-3 28
+3 14
+3 2
+3 1
-3 1
+3 1
-3 1
+3 2
fe=(27)

fn=(140)
fi=(15)
225 2
+4 6
fe=(27)
652 42
fi=(15)
217 38
-1 38
+1 78
-1 2
+1 10
+5 6
fe=(27)

fl=(47)
fn=(194)
149 24
+15 4
-5 4
-10 12
+10 4
+5 8
+1 32
+6 12
+6 12
+4 20
+7 12
-32 4
fi=(6)
-78 12
fe=(47)
232 4
fi=(6)
78 16
fe=(47)
232 8
fi=(6)
78 4
+7 6
+4 6
+10 3
-8 3
+8 6
+16 24
fe=(47)
258 24
cfi=(42)
cfn=(148)
calls=4 29 
* 160
* 76
-98 4
fi=(6)
437 4
fe=(47)
160 4
fi=(6)
437 56
fe=(47)
160 8
fi=(4)
48 4
-1 4
+11 8
-10 4
-1 4
+11 8
+3 6
fi=(6)
675 69
+1 69
fi=(4)
61 69
fi=(6)
671 23
-1 23
+3 23
-3 23
+3 23
fe=(47)
258 52
cfi=(42)
cfn=(148)
calls=4 29 
* 160
* 32
fi=(4)
98 24
fi=(6)
568 12
+64 4
-64 8
+64 8
-64 8
fi=(4)
86 8
-2 4
-36 4
+38 4
-39 4
+36 4
-36 4
-1 4
+40 4
+12 4
-15 4
+15 8
-12 8
-2 4
-36 4
+38 4
-39 4
+36 4
-36 4
-1 4
+40 4
+12 4
-15 4
+15 8
+10 12
+3 12
+7 24
+3 12
+3 18
fe=(47)
258 32
+3 16
+24 12
+3 12
+17 8
+1 8
cfn=(210) _dl_protect_relro
calls=4 +6 
* 116
+1 12
178 4
+1 24
fi=(4)
-93 5
-2 5
+2 5
+19 5
-22 5
+22 5
-19 5
+19 20
-22 5
+22 5
+13 15
+3 4
+3 4
-3 4
+3 4
fi=(6)
514 15
fi=(4)
136 3
+1 3
+1 3
-1 6
-1 6
fi=(6)
355 3
fi=(4)
137 3
fi=(6)
358 3
fi=(4)
136 3
+1 9
fi=(6)
358 3
fi=(4)
136 96
+1 96
+1 96
-1 192
-1 192
fi=(6)
355 96
fi=(4)
137 96
fi=(6)
358 96
fi=(4)
136 96
+1 288
fi=(6)
358 96
+17 198
+7 2068
fi=(4)
137 82
fi=(6)
382 1886
cfi=(7)
cfn=(200)
calls=82 806 
* 61614
* 328
+1 546
+3 376
+5 296
-9 42
+9 374
-6 10
+6 22
514 1
fi=(4)
124 1
fi=(6)
514 5
cob=(3)
cfi=(48)
cfn=(208)
calls=1 36 
* 5
fi=(4)
124 2
fi=(6)
515 1
fi=(4)
124 2
-13 6
+1 1211
-1 1211
fi=(6)
650 3633
fi=(4)
111 1214
fi=(6)
508 56
+1 14
fi=(4)
124 14
fi=(6)
509 42
fi=(4)
124 14
fi=(6)
509 14
fi=(4)
124 28
fi=(6)
-12 12
437 21
+9 7
fi=(4)
124 7
fi=(6)
446 28
fi=(4)
124 21
fi=(6)
383 5
+36 5
fi=(4)
124 5
fi=(6)
419 5
fi=(4)
124 15
fi=(6)
419 72
fi=(4)
124 72
fi=(6)
419 72
fi=(4)
124 218
fe=(47)
258 65
fi=(6)
382 48
+12 24
-12 27
fi=(4)
160 2
fi=(6)
514 6
fi=(4)
170 3
fi=(6)
355 1
fi=(4)
170 1
fi=(6)
358 1
fi=(4)
170 5
fi=(6)
358 1
fi=(4)
170 12
fi=(6)
355 4
fi=(4)
170 4
fi=(6)
358 4
fi=(4)
170 20
fi=(6)
358 4
+17 10
+7 210
cfi=(7)
cfn=(200)
calls=5 806 
* 2981
* 20
+1 14
+3 4
+5 3
fi=(4)
160 22
fi=(6)
391 4
+17 12
-23 8
+6 8
fi=(4)
160 6
fi=(6)
572 32
391 8
-8 4
+36 15
fe=(47)
258 3
+34 28

fn=(210)
312 4
+1 16
+3 4
-3 8
+3 4
-3 4
+3 4
-3 4
+7 12
+1 16
cfi=(40)
cfn=(144)
calls=4 84 
* 28
* 12

fl=(25)
fn=(124)
84 95
+1 54
+1 96

fn=(74)
84 15
+1 9
+1 18

fn=(126)
84 30
+1 12

fn=(130)
84 20
+1 8

fn=(152)
84 15
+1 6

fl=(45)
fn=(164)
fi=(23)
2497 1
+1 2
-1 1
+1 2
-1 1
+1 8
-1 1
+1 1
cfn=(132)
calls=1 893 
* 1685
-75 5
+28 4
+2 4
-87 2
+4 2
+8 4
+23 9
cfn=(122)
calls=1 1717 
* 1574
+4 1
-4 1
+4 1
+1 2
fe=(45)
193 1
-8 1
+8 1
-8 1
+8 1
-8 2
+8 2
+3 5
+3 5
cfi=(35)
cfn=(166)
calls=1 45 
* 1293

fn=(168)
138 7
+16 7
-15 24
+2 140
+2 5
+8 1
-1 1
-1 1
+2 3
+2 5
+2 2
+6 136
+2 68
+4 28
-28 28
+29 28
-29 56
+32 1
+1 1
-1 1
+1 1
-8 6
+8 12

fn=(218)
321 1
+1 6
+2 2
cfi=(40)
cfn=(220)
calls=1 84 
* 7
+1 3

totals: 254098614
