version: 1
creator: callgrind-3.11.0
pid: 1457
cmd:  ./primers.g0 100000
part: 1


desc: I1 cache: 
desc: D1 cache: 
desc: LL cache: 

desc: Timerange: Basic block 0 - 22852443
desc: Trigger: Program termination

positions: line
events: Ir
summary: 135503464


ob=(1) /lib/arm-linux-gnueabihf/ld-2.23.so
fl=(93) /build/glibc-XzEjT5/glibc-2.23/elf/dl-fini.c
fn=(412) _dl_fini
130 3
+17 1
+6 1
-6 1
+54 1
-48 1
-3 1
+51 1
-48 1
-3 1
+3 1
+48 1
-48 1
+48 1
-51 1
+51 1
-51 4

ob=(3) /lib/arm-linux-gnueabihf/libc-2.23.so
fl=(65) /build/glibc-XzEjT5/glibc-2.23/setjmp/sigjmp.c
fn=(294) __sigjmp_save
28 2
+1 2

ob=(1)
fl=(93)
fn=(412)
163 6
+57 4
-67 4
cfi=(2) /build/glibc-XzEjT5/glibc-2.23/elf/rtld.c
cfn=(54) rtld_lock_default_lock_recursive
calls=1 704 
* 4

ob=(3)
fl=(65)
fn=(294)
29 1
+5 2

fl=(80) /build/glibc-XzEjT5/glibc-2.23/stdio-common/vfprintf.c
fn=(362) vfprintf
1267 9592
-31 19184
+31 28776
+8 9592
-39 9592
+31 9592
-31 19184
+31 9592
-31 9592
+39 19186
+4 28776

ob=(1)
fl=(93)
fn=(412)
155 1
+3 2
+2 6
+8 1
-3 1
+3 7
+7 12
+2 8
+8 4
-6 4
+6 4
-5 4
+5 4
-4 4
-8 12
+14 10
+1 5
+4 5
cfn=(414) _dl_sort_fini
calls=1 33 
* 241
+9 4
cfi=(2)
cfn=(56) rtld_lock_default_unlock_recursive
calls=1 710 
* 4
+5 2
+40 1
-40 2
+40 1
-40 1
+40 2
+3 1
-43 2
+43 2
-41 1
+2 3
+6 1
-3 2
+3 2
+4 3
+12 1
-1 2
+1 1
-1 1
+3 6
+1 2
cob=(5) /home/ubuntu/lab3_session/primers/primers.g0
cfi=(58) ???
cfn=(416) 0x0000064d
calls=1 0 
* 2010
+33 3
+2 2
-2 4
+6 5
+7 3

fn=(414)
33 2
-2 3
+7 4
+1 1
-1 1
+1 4
-1 1
+2 1
-2 1
+2 1
-2 3
+2 1
cfi=(42) /build/glibc-XzEjT5/glibc-2.23/string/../sysdeps/arm/memset.S
cfn=(148) memset
calls=1 -11 
* 31
* 2
-1 5
+78 9
+3 14
cfi=(42)
cfn=(148)
calls=2 -91 
* 35
* 2
-75 4
-1 2
+1 4
+4 2
-5 2
+5 2
-5 4
+5 2
-4 2
-1 1
+1 2
+4 1
-5 1
+5 1
-5 2
+5 10
+7 3
-1 6
+1 10
+2 6
+1 4
-1 3
+1 3
+2 9
+1 4
+27 1
+35 3
-32 6
+21 3
-57 3
+57 6
-57 8

fl=(42)
fn=(148)
29 18
+1 18
+1 18
+3 13
+1 13
+2 13
+1 13
+2 13
+1 13
+1 13
+1 13
+3 13
+1 13
+2 13
+1 13
+2 11
+1 11
+2 11
+1 11
+2 11
-12 63
+1 63
+2 54
+1 54
+2 53
+1 53
+2 53
+1 53
+2 52
-9 9
+1 9

ob=(3)
fl=(80)
fn=(362)
1279 19184

ob=(1)
fl=(42)
fn=(148)
52 12
+1 12
+2 12
+1 12
+2 13
+2 13
+2 13
+1 13
+2 13
+1 13
+2 13
+1 13
+2 13
+1 13
+2 13
-12 9
+1 9
+2 9
+1 9
+2 9
+1 9
+2 9
+1 9
+2 9
+2 18
cfi=(31) /build/glibc-XzEjT5/glibc-2.23/elf/dl-tls.c
cfn=(189) _dl_allocate_tls_storage'2
calls=1 390 
* 75

fl=(25) /build/glibc-XzEjT5/glibc-2.23/io/../sysdeps/unix/syscall-template.S
fn=(74) access
84 15
+1 9
+1 18

fn=(124) open
84 95
+1 54
+1 96

fn=(126) read
84 30
+1 12

fn=(130) lseek
84 20
+1 8

fn=(152) close
84 15
+1 6

fl=(17) /build/glibc-XzEjT5/glibc-2.23/elf/dl-minimal.c
fn=(114) __sigjmp_save
150 3
+1 3
+2 3
-2 3
+2 3

fn=(42) malloc
95 63
cfn=(48) __libc_memalign
calls=21 -42 
* 622
* 84

fn=(84) strsep
351 2
+3 6
+2 2
+1 2
+4 45
+7 56
-2 56
+13 1
+4 2
cfi=(23) /build/glibc-XzEjT5/glibc-2.23/elf/dl-load.c
cfn=(83) fillin_rpath'2
calls=1 +65 
* 8
-22 43

fn=(36) calloc
111 16
-8 8
+8 32
-4 8
+4 24
+3 8
+1 8
-1 8
cfn=(42)
calls=8 -19 
* 327
* 32

fn=(48)
53 22
-1 22
+1 22
-1 22
+1 87
+11 105
+3 21
-3 21
+3 21
-3 21
+3 21
-3 5
+3 1
-3 1
+3 1
-3 1
+3 61
+4 12
+1 4
+6 18
cfi=(38) /build/glibc-XzEjT5/glibc-2.23/misc/../sysdeps/unix/sysv/linux/generic/wordsize-32/mmap.c
cfn=(138) mmap
calls=2 -48 
* 32
+2 2
-2 2
+2 2
+2 2
+2 2
-2 6
+2 14
+3 6
+1 2
+2 4
-3 60
+1 20
+2 40
-31 5
-1 6

fn=(94) free
120 1
+2 6

fl=(19) /build/glibc-XzEjT5/glibc-2.23/string/../sysdeps/arm/armv7/strcmp.S
fn=(58) strcmp
175 82
+1 82
+5 205
+2 205
+2 205
+1 205
+1 205
+1 205
+2 123
+4 123
+1 123
+3 123
+1 123
+1 123
+3 123
+1 123
+1 123
+4 73
+1 73
+1 73
+1 73
+1 73
+1 73
+2 73
+1 73
+2 73
+1 73
+1 73
+1 73
+1 73
+1 73
+1 73
+1 73
+1 73
+7 72
+2 72
+3 72
+1 72
+1 72
+1 72
-3 73
+1 73
+1 73
+1 73
+1 73
+1 73
+1 73
+1 73
+2 73
+2 73
+2 73
+1 73
+1 73
+1 73
+1 73
+1 73
+2 73
+1 73
+3 1
+3 11
+4 792
+4 50
+1 50
+1 13
+1 13
+5 18
+2 18
+3 18
+1 18
+1 18
+1 18
+1 12
+2 12
+2 12
+1 12
+1 12
+1 12
+1 12
-12 9
+1 9
+1 9
+1 9
+1 9
+2 9
+2 9
+1 9
+1 9
+1 9
+1 9
+3 130
+6 9
+1 9
+1 9
+2 9
+1 9
+3 9
+1 9
+1 9
+1 9
+3 37
+1 37
+1 33
+1 33
+1 33
+1 33
+2 33
+1 32
+29 27
+2 27
+1 27
+1 27
+1 17
+3 17
+2 17
+1 17
+1 17
-4 1
+2 1
+1 1
+1 1
+1 18
+4 10
+1 10
+7 10
+4 23
+6 23
+2 23
+2 23
+1 23
+2 23
-7 4
+2 4
+2 4
+1 4
+2 4
+1 12
+4 17
+1 17
+1 17
+1 17
+1 17
+1 14
+1 11
+2 11
+1 11
+1 11
+1 11
+2 11
+2 3
+1 3
+3 3
+1 3
+25 25
+1 25
+1 25
+1 25
+1 25
+1 22
+1 19
+2 19
+1 19
+1 19
+1 19
+2 19
+2 3
+1 3
+2 3
+1 3
+17 40
+1 40
+1 40
+1 40
+1 40
+1 40
+1 25
+2 25
+1 25
+1 25
+1 25
+2 25
+5 15
+1 15
+1 15
+3 15
+1 15
+1 15
+3 6
+1 6
+8 6
+5 21
+1 21
+3 21
+1 21
+1 21
+1 21
+1 21
+1 21
+1 21
+1 21
+7 21
+1 21

ob=(3)
fl=(80)
fn=(362)
1290 38368
fi=(81) /build/glibc-XzEjT5/glibc-2.23/stdio-common/printf-parse.h
108 19184
fe=(80)
1301 9592
+11 9592
-11 19184
+11 9592
fi=(81)
108 9592
cfi=(82) /build/glibc-XzEjT5/glibc-2.23/string/strchrnul.c
cfn=(366) strchrnul
calls=9592 -71 
* 258984
fe=(80)
1312 9592
fi=(81)
108 9592
fe=(80)
1312 9592
+4 19184
+4 76736
cfi=(83) /build/glibc-XzEjT5/glibc-2.23/libio/fileops.c
cfn=(368) _IO_file_xsputn@@GLIBC_2.4
calls=9592 -40 
* 47960
* 19184
1685 86328
+1 19184
+2 9592
+1 28776
1275 19182
+41 86328
+1 331412
1685 76736
1324 47960
+4 38368
* 86328
+42 95920
1626 9592
1370 19184
1626 9592
1370 9592
1626 47960
1370 28776
-11 9592
+11 105512
-8 9592
-4 9592
+4 9592
+8 19184
-13 9592
+13 9592
-14 19184
-1 9592
-1 9592
-1 9592
-1 9592
-1 9592
-1 9592
-1 9592
+17 9592
-3 19184
+4 28776
1604 134288
-1 19184
+1 38368
+7 134288
-1 19184
+1 9592
-2 9592
+2 28776
+38 28776
+2 19184
+8 9592
fi=(81)
108 9592
fe=(80)
1659 19184
fi=(81)
108 19184
cfi=(82)
cfn=(366)
calls=9592 -71 
* 316536
fe=(80)
1663 9592
-4 9592
+4 67144
cfi=(83)
cfn=(368)
calls=9592 1280 
* 1995136
* 86328
+2 9592
-2 9592
+2 47960
-34 422048
cfi=(83)
cfn=(368)
calls=9592 1280 
* 732595
* 326128
cfi=(84) /build/glibc-XzEjT5/glibc-2.23/stdio-common/_itoa.c
cfn=(370) _itoa
calls=9592 196 
* 1003918
* 326128

fl=(73) /build/glibc-XzEjT5/glibc-2.23/elf/dl-addr.c
fn=(318) _dl_addr
fi=(72) /build/glibc-XzEjT5/glibc-2.23/malloc/arena.c
277 2
+2 1
-2 5
+2 4
+50 1
-50 1
+52 1
-9 1
+7 1
+2 1
-9 1
221 71
+2 69
+1 3
+1 3
340 1
+6 3
+1 1
+2 4
+1 2
-78 2
+1 5
fe=(73)
126 4
+5 1
-5 4
+5 4
cob=(1)
cfi=(2)
cfn=(54)
calls=1 704 
* 4
+2 2
cob=(1)
cfi=(2)
cfn=(56)
calls=1 710 
* 7
cob=(1)
cfi=(74) /build/glibc-XzEjT5/glibc-2.23/elf/dl-open.c
cfn=(324) _dl_find_dso_for_object
calls=1 +49 
* 42
cob=(1)
cfi=(59) /build/glibc-XzEjT5/glibc-2.23/elf/../sysdeps/arm/dl-trampoline.S
cfn=(264) _dl_runtime_resolve
calls=1 -93 
* 1177
* 50235

fn=(319) _dl_addr'2
144 3

fl=(48) /build/glibc-XzEjT5/glibc-2.23/string/../sysdeps/arm/armv7/multiarch/memcpy.S
fn=(208) memcpy
36 1
+2 1
+1 1
+2 1
+1 1

fl=(62) /build/glibc-XzEjT5/glibc-2.23/stdlib/cxa_atexit.c
fn=(272) __internal_atexit
34 2
+1 1
-1 2
+1 1
cfn=(274) __new_exitfn
calls=1 +38 
* 65
-1 2
+3 1
+4 2
+6 1
+1 1
-7 1
+3 1
+1 1
-4 2
+2 1
+3 1
+1 1
+1 1

fn=(274)
73 2
+6 1
-6 1
+6 24
+2 2
+10 1
-10 3
+2 2
-2 2
+10 1
-10 1
+46 1
-1 2
+1 5
+3 10
+3 3
-20 1
-1 1
+1 2

fn=(270) __cxa_atexit
58 3
cfn=(272)
calls=1 -24 
* 87

fl=(86) /build/glibc-XzEjT5/glibc-2.23/libio/filedoalloc.c
fn=(376) _IO_file_doallocate
110 1
-15 1
+15 1
-15 2
+15 5
cfi=(83)
cfn=(378) _IO_file_stat
calls=1 1230 
* 1000
fi=(85) /build/glibc-XzEjT5/glibc-2.23/libio/genops.c
398 3
fe=(86)

fn=(377) _IO_file_doallocate'2
131 1
+1 2

fl=(55) /build/glibc-XzEjT5/glibc-2.23/misc/init-misc.c
fn=(250) __init_misc
30 3
+1 4
+2 3
cfi=(56) /build/glibc-XzEjT5/glibc-2.23/string/../sysdeps/arm/armv6/strrchr.S
cfn=(252) rindex
calls=1 -4 
* 63
+2 1
-1 1
+3 3
+1 5

fl=(78) /build/glibc-XzEjT5/glibc-2.23/csu/../sysdeps/unix/sysv/linux/arm/libc-do-syscall.S
fn=(340) __libc_do_syscall
40 3
+5 3
+1 3
+1 3

fl=(83)
fn=(398) new_do_write
501 19184
+2 9592
-2 28776
+2 19184
+15 57552
cfn=(400) _IO_file_write@@GLIBC_2.4
calls=9592 1256 
* 402864
+1 57552
+6 9592
-4 9592
+4 9592
-4 28776
+1 19184
+3 9592
-7 9592
+5 9592
+4 19184
-17 38368
+14 38368

fn=(372) _IO_file_overflow@@GLIBC_2.4
494 3
807 9594
+1 28782
+7 76748
+35 19186
+3 3
+3 3
+1 3
+1 5
+4 2
-44 3
+34 9592
-1 9592
+12 9592
-12 19184
cfn=(386) _IO_do_write@@GLIBC_2.4
calls=9592 494 
* 872872
-31 2
cfi=(85)
cfn=(374) _IO_doallocbuf
calls=1 395 
* 1061

fn=(400)
1256 9592
+2 9592
-2 9592
+2 28776
+5 9592
-1 28776
+1 19184
+10 38368
+3 9592
-13 38368
cfi=(90) /build/glibc-XzEjT5/glibc-2.23/io/../sysdeps/unix/syscall-template.S
cfn=(402) write
calls=9592 84 
* 115104
* 9592
+1 9592
+6 9592
-6 9592
+5 9592
-11 38368

fn=(454) _IO_file_setbuf@@GLIBC_2.4
450 2
+1 1
cfi=(85)
cfn=(456) _IO_default_setbuf
calls=1 +72 
* 53
* 1
+4 1
+3 1
-3 1
-1 2
+2 3
+3 1

fn=(458) _IO_file_sync@@GLIBC_2.4
873 2
-5 1
+5 1
-5 2
+5 1
+2 2
+1 2
+17 4
+4 2

fn=(368)
1280 28776
+6 57552
+7 115104
+17 3
+1 2
-1 1
+21 4
cfn=(372)
calls=1 807 
* 1077
* 4
+6 1
+1 1
-1 2
+1 19190
cfi=(88) ???
cfn=(388) __aeabi_uidivmod
calls=9593 0 
* 172674
+2 19186
+11 19186
+3 38368
-67 19184
+27 19182
fi=(97) /build/glibc-XzEjT5/glibc-2.23/libio/../string/string.h
652 38364
fe=(83)
1324 9591
fi=(97)
652 9591
fe=(83)
1325 9591
fi=(97)
652 9591
cob=(2) ???
cfi=(16) ???
cfn=(394) 0x04850f54
calls=9591 0 
* 172638
fe=(83)
1314 9592
fi=(97)
652 38368
fe=(83)
1324 9592
fi=(97)
652 9592
fe=(83)
1325 9592
fi=(97)
652 9592
cob=(2)
cfi=(16)
cfn=(394)
calls=9592 0 
* 172656
fe=(83)
1319 38366
+8 38366
+4 47960
cfn=(372)
calls=9592 807 
* 1055120
* 19184
+6 28776
+1 19184
-43 57549
+1 38366
+3 57549
+2 76732
-2 93066
+2 110826
+2 9592
+11 67144
+38 4
cfi=(85)
cfn=(392) _IO_default_xsputn
calls=1 422 
* 58
* 2

fn=(378)
1230 4
cfi=(87) /build/glibc-XzEjT5/glibc-2.23/io/../sysdeps/unix/sysv/linux/fxstat64.c
cfn=(380) __fxstat64
calls=1 35 
* 996

fn=(386)
494 9592
-2 19184
+2 9592
cfn=(398)
calls=9592 +7 
* 796136
* 38368

fl=(64) /build/glibc-XzEjT5/glibc-2.23/setjmp/../sysdeps/arm/setjmp.S
fn=(292) __sigsetjmp
27 9
+2 1
+4 1
+4 1
+1 1
+1 1
+2 1
+1 1
+9 1
+15 9
+17 1
+5 1
+1 1
+20 1
cfi=(65)
cfn=(294)
calls=1 -81 
* 7

fl=(56)
fn=(252)
29 1
+1 1
+1 1
+3 1
+1 1
+1 1
+2 1
+1 1
+1 1
+1 1
+1 1
+1 1
+1 1
+1 1
+3 1
+7 1
+2 1
+1 1
+4 1
+1 1
+5 1
+5 1
+1 1
+1 1
+1 1
+1 1
+1 1
+1 1
+1 1
-12 1
+5 1
+1 1
+1 1
+1 1
+1 1
+1 1
+1 1
+1 1
+1 1
+1 1
+1 1
+1 1
+1 1
+1 1
+1 1
+1 1
+1 1
+1 1
+1 1
+8 1
+7 1
+1 1
+1 1
+1 1
+1 1
+1 1
+2 1
+8 1
+1 1
+1 1
+1 1
+1 1
+1 1

fl=(68) /build/glibc-XzEjT5/glibc-2.23/stdlib/./strtol.c
fn=(302) strtoq
105 1
+1 2
-1 1
+1 6
cfi=(69) /build/glibc-XzEjT5/glibc-2.23/stdlib/./strtol_l.c
cfn=(304) ____strtoll_l_internal
calls=1 227 
* 205
+1 2

fl=(82)
fn=(366)
37 19184
+10 19184
-4 19184
+4 19184
+24 19184
+58 38368
-57 19184
+46 38368
+14 19184
-3 191840
+11 95920
+2 47960
+22 9592
-22 19184

fl=(63) /build/glibc-XzEjT5/glibc-2.23/setjmp/../sysdeps/arm/bsd-_setjmp.S
fn=(290) _setjmp
26 1
+1 1
cfi=(64)
cfn=(292)
calls=1 * 
* 37

fl=(92) /build/glibc-XzEjT5/glibc-2.23/stdlib/cxa_thread_atexit_impl.c
fn=(410) __call_tls_dtors
146 1
-1 1
+1 3
-1 1
+1 1
-1 2
+1 1
+18 2

fl=(85)
fn=(450) _IO_cleanup
948 1
+3 1
-3 1
+3 1
cfn=(452) _IO_flush_all_lockp
calls=1 760 
* 91
-63 3
+63 1
-63 2
+10 2
-8 9
+2 7
+6 28
+8 7
+4 1
-2 1
+4 1
-4 1
+2 1
+1 1
+1 1
+3 6
cfi=(83)
cfn=(454)
calls=1 450 
* 66
+2 3
+4 2
+7 6
-40 9
+75 3
-65 4
+23 3
+1 13

fn=(392)
422 1
+3 5
+5 8
+25 8
cfi=(83)
cfn=(372)
calls=1 807 
* 30
* 2
+2 2
+2 2

fn=(452)
760 1
+6 1
-6 3
+6 2
+6 1
-6 1
+5 1
+1 1
-1 1
+1 1
-1 1
+2 2
+2 1
+2 2
-11 1
+9 2
+1 1
-1 2
+1 2
+3 9
+10 3
+2 9
+2 3
-2 3
+2 6
+11 1
+2 2
+4 3
-10 3
-27 7
+6 15

fn=(374)
fi=(83)
850 2
-20 2
+9 1
+7 1
+1 1
-8 1
+7 1
-3 1
-3 5
+7 1
-6 1
+1 1
+2 2
+3 3
+1 3
+4 1
-1 1
+12 1
-12 2
-30 6
fe=(85)
395 2
+2 1
-3 1
+3 3
+1 4
cfi=(86)
cfn=(376)
calls=1 110 
* 1013

fn=(384) _IO_setb
380 2
+1 1
-1 3
+1 2
+2 1
+1 1
+1 1
+1 2
+3 2
cfi=(86)
cfn=(377)
calls=1 131 
* 3

fn=(456)
523 1
-1 2
+1 1
-1 2
+1 1
cfi=(83)
cfn=(458)
calls=1 873 
* 17
* 2
+2 3
381 1
525 1
+10 1
+2 1
-2 3
+1 3
+1 1
-10 2
+1 1
-1 2
381 3
+7 1
-5 1
+5 1
-4 2

fl=(69)
fn=(304)
227 5
+26 2
+31 8
+9 7
+2 1
526 2
275 1
-1 2
+26 1
+3 2
-1 2
-2 1
+5 1
-6 1
+7 2
-7 1
+10 3
+10 2
+7 2
+57 1
+4 3
-4 1
+4 3
-4 1
+4 1
+19 1
-3 1
+4 1
-4 1
+3 1
+1 3
-1 1
+1 2
-1 1
+1 1
-18 24
-4 12
+2 28
-10 1
479 2
+5 2
+6 2
+3 3
+15 3
329 2
+88 12
+3 12
+7 12
+64 10
+8 2
247 2
371 7

fl=(96) /build/glibc-XzEjT5/glibc-2.23/posix/../sysdeps/unix/sysv/linux/_exit.c
fn=(460) _Exit
27 2
+4 2

fl=(61) /build/glibc-XzEjT5/glibc-2.23/csu/libc-start.c
fn=(268) (below main)
134 9
+4 1
-4 2
+4 2
* 4
+82 1
+1 3
cfi=(62)
cfn=(270)
calls=1 58 
* 90
+22 6
+3 1
+1 7
cob=(5)
cfi=(58)
cfn=(276) __libc_csu_init
calls=1 0 
* 52
+4 6
+15 2
+12 2
cfi=(63)
cfn=(290)
calls=1 26 
* 39
+1 2
+12 1
-10 1
+3 2
+7 1
-7 1
+1 1
+3 1
+3 2
-7 1
+1 1
+6 5
cob=(5)
cfi=(66) /home/ompss/host/lab3_session/primers/primers.c
cfn=(296) main
calls=1 141 
* 135396931

fl=(95) /build/glibc-XzEjT5/glibc-2.23/nptl/unregister-atfork.c
fn=(422) __unregister_atfork
36 2
-8 2
+8 2
-8 2
+8 2
-8 2
+11 2
+82 6

fl=(84)
fn=(370)
196 28776
+3 9592
+3 19184
455 28776
199 9592
+3 9592
-3 9592
+3 9592
+90 28776
-92 9592
+92 9592
+97 9592
-1 57552
+52 182248
+2 47960
-42 9592
+14 57552
+5 9592
+5 9592
-4 9592
+2 9592
-8 9592
+8 19184
-8 19184
+5 36942
+5 36942
-4 36942
+2 36942
-8 36942
+8 73884
-8 73884
+25 19184
329 9592
448 19184

fl=(89) /build/glibc-XzEjT5/glibc-2.23/string/../sysdeps/arm/armv7/multiarch/memcpy_impl.S
fn=(396) __memcpy_neon
300 19183
+1 19183
+1 19183
+25 19183
+5 38366
+2 19183
+1 19183
+2 19183
+18 19183
+1 19183
+2 19183
+2 19183
+2 19183
+2 19183

fl=(76) /build/glibc-XzEjT5/glibc-2.23/misc/sbrk.c
fn=(336) sbrk
34 2
+8 2
-8 6
+8 10
+4 4
+4 6
+12 2
-19 2
cfi=(77) /build/glibc-XzEjT5/glibc-2.23/misc/../sysdeps/unix/sysv/linux/arm/brk.c
cfn=(338) brk
calls=1 -15 
* 19
* 4
+15 2
cfi=(77)
cfn=(338)
calls=1 -30 
* 19
* 2
+4 2

fl=(87)
fn=(380)
fi=(86)
110 2
+2 4
+11 3
+4 2
cfi=(85)
cfn=(384)
calls=1 380 
* 18
cfi=(70) /build/glibc-XzEjT5/glibc-2.23/malloc/malloc.c
cfn=(312) malloc
calls=1 2902 
* 206
cob=(1)
cfi=(59)
cfn=(264)
calls=1 -87 
* 723
* 13
-10 2
-2 7
+5 4
fe=(87)
-85 2
-2 1
+2 2
cfi=(78)
cfn=(340)
calls=1 +5 
* 4
* 2
+6 1

fl=(51) /build/glibc-XzEjT5/glibc-2.23/csu/../csu/init-first.c
fn=(242) _init
52 4
+6 1
-6 3
+6 3
+12 1
fi=(53) /build/glibc-XzEjT5/glibc-2.23/csu/../sysdeps/unix/sysv/linux/arm/init-first.c
-40 1
fe=(51)
+41 1
fi=(53)
-41 1
fe=(51)
+40 1
+2 1
-1 1
fi=(53)
-41 1
fe=(51)
+40 1
fi=(53)
-40 1
fe=(51)
+41 1
fi=(53)
-41 1
fe=(51)
+42 1
fi=(53)
-42 5
fe=(51)
+42 1
fi=(53)
-42 2
fi=(52) /build/glibc-XzEjT5/glibc-2.23/csu/../sysdeps/generic/dl-hash.h
+18 1
-3 1
+17 2
-17 2
+3 3
-3 3
+17 6
-17 6
fi=(53)
-15 5
+2 2
-2 1
+2 1
+6 1
-6 1
cfi=(54) /build/glibc-XzEjT5/glibc-2.23/elf/../sysdeps/unix/sysv/linux/dl-vdso.c
cfn=(248) _dl_vdso_vsym
calls=1 -6 
* 11
+1 1
+1 1
+2 1
-3 1
+1 3
+2 1
-2 1
+2 2
cfi=(54)
cfn=(248)
calls=1 -10 
* 11
+2 2
fe=(51)
+48 2
fi=(53)
-48 1
fe=(51)
+48 1
fi=(53)
-48 1
fe=(51)
+48 1
cfi=(55)
cfn=(250)
calls=1 -56 
* 83
+8 1
cfi=(57) /build/glibc-XzEjT5/glibc-2.23/ctype/ctype-info.c
cfn=(254) __ctype_init
calls=1 -63 
* 27

ob=(1)
fl=(35) /build/glibc-XzEjT5/glibc-2.23/elf/dl-misc.c
fn=(120) _dl_name_match_p
288 88
+1 44
-1 44
+1 44
cfi=(19)
cfn=(58)
calls=44 181 
* 379
* 44
+3 44
+2 44
+4 45
-4 45
+1 12
cfi=(19)
cfn=(58)
calls=4 181 
* 258
* 132
cfi=(19)
cfn=(58)
calls=44 181 
* 616
* 96
-5 3
+11 3
-1 82

fn=(166) _dl_sysdep_read_whole_file
45 3
+7 1
-7 1
+7 1
cfi=(25)
cfn=(124)
calls=1 +32 
* 7
+1 1
-7 2
+7 1
+2 4
cfi=(37) /build/glibc-XzEjT5/glibc-2.23/io/../sysdeps/unix/sysv/linux/fxstat64.c
cfn=(136) __fxstat64
calls=1 -20 
* 53
fi=(45) /build/glibc-XzEjT5/glibc-2.23/elf/dl-cache.c
247 5
+9 1
+6 2
-6 1
+6 1
-6 2
+6 1
cfi=(25)
cfn=(74)
calls=1 84 
* 14
+19 1
-25 1
+25 4
-19 1
+19 76
cfn=(168) _dl_cache_libcmp
calls=5 138 
* 421
* 10
-15 1
+15 1
-15 5
+15 16
cfn=(168)
calls=1 138 
* 78
* 8
-74 1
-8 1
+8 4
+90 4
+1 1
-1 1
+4 2
+8 3
cfi=(11) /build/glibc-XzEjT5/glibc-2.23/string/../sysdeps/arm/armv6t2/strlen.S
cfn=(22) strlen
calls=1 70 
* 72
+1 1
-1 1
+1 1
-1 2
+1 2
cfi=(18) /build/glibc-XzEjT5/glibc-2.23/string/../sysdeps/arm/armv7/multiarch/memcpy_impl.S
cfn=(50) memcpy
calls=1 -10 
* 30
+1 1
cfi=(29) /build/glibc-XzEjT5/glibc-2.23/string/strdup.c
cfn=(88) strdup
calls=1 40 
* 138
+1 5
-31 34
cfn=(168)
calls=1 138 
* 63
* 45
-73 4
cfi=(14) /build/glibc-XzEjT5/glibc-2.23/string/memcmp.c
cfn=(30) bcmp
calls=1 312 
* 80
* 1
+7 2
-3 1
+3 3
+4 1
-1 1
+1 1
-1 1
+1 1
+1 4
cfi=(14)
cfn=(30)
calls=1 +92 
* 53
* 4
fe=(35)

fl=(15) /build/glibc-XzEjT5/glibc-2.23/elf/dl-object.c
fn=(32) _dl_new_object
fi=(2)
1035 3
+3 1
+4 1
-5 1
-1 1
+2 1
-1 1
+5 1
cfi=(15)
cfn=(52) _dl_add_to_namespace_list
calls=1 32 
* 41
+1 4
799 2
1043 1
+29 1
-8 1
+5 1
-5 1
+8 1
-3 1
+3 1
-3 1
-4 1
+2 2
+5 1
+56 1
-55 1
+18 1
-18 1
+55 1
-15 1
-22 2
+37 1
-34 2
+19 1
+51 1
-36 2
-55 1
+91 1
-70 1
+70 1
-49 2
-21 1
+65 1
-86 1
+21 2
+65 3
-31 3
-55 24
-1 27
+1 47
1175 4
+3 1
+2 1
+2 5
+13 4
+1 8
cfi=(19)
cfn=(58)
calls=1 181 
* 8
* 1
+5 1
+2 1
+1 1
-3 1
+2 1
+3 1
-5 1
+3 1
+2 2
+1 2
+4 5
+2 3
fi=(3) /build/glibc-XzEjT5/glibc-2.23/elf/get-dynamic-info.h
30 1
+9 2
+6 1
-2 1
+2 1
+20 1
+3 1
-7 1
+4 1
+3 1
-7 1
-1 2
+1 10
-16 10
+2 8
+14 19
-16 38
+2 38
-2 2
+2 4
+13 18
+2 3
+16 3
+20 2
+1 5
+1 5
+1 5
+2 2
+3 5
+2 5
+1 5
+1 5
+6 2
+7 5
+5 2
+4 2
+1 4
+12 2
+14 2
+10 1
-8 1
+8 2
-8 1
+8 2
+5 1
+1 3
+2 2
fi=(2)
1218 2
cfi=(7) /build/glibc-XzEjT5/glibc-2.23/elf/dl-lookup.c
cfn=(12) _dl_setup_hash
calls=1 953 
* 23
+3 3
fi=(20) /build/glibc-XzEjT5/glibc-2.23/elf/setup-vdso.h
24 5
fi=(2)
1243 1
cfi=(21) /build/glibc-XzEjT5/glibc-2.23/elf/../sysdeps/unix/sysv/linux/dl-sysdep.c
cfn=(66) _dl_discover_osversion
calls=1 47 
* 77
* 14
1077 4
+1 1
+90 2
+1 2
+1 1
-6 3
+1 1
-37 2
-1 6
+2 2
-2 2
+2 2
+1 4
+3 6
+1 2
+1 4
+1 11
+1 4
-36 1
-9 2
+2 1
+7 1
-9 1
+2 1
-3 1
+3 1
-3 1
+10 1
+18 2
-37 4
+1 1
fi=(3)
65 3
+3 2
+2 6
fi=(2)
1248 1
+3 1
-3 1
+3 1
-3 2
cfi=(23)
cfn=(70) _dl_init_paths
calls=1 702 
* 101846
-11 5
fe=(15)
61 3
+1 1
-1 3
+1 1
cfi=(11)
cfn=(22)
calls=1 +8 
* 34
+6 3
-6 2
+6 2
+7 5
cfi=(18)
cfn=(50)
calls=1 300 
* 147
cfi=(17)
cfn=(36)
calls=1 +36 
* 62
* 16
-7 8

fn=(33) _dl_new_object'2
fi=(23)
931 2
1465 6
1029 6
+13 4
+3 4
-5 2
+4 2
-3 2
+4 2
-5 2
+5 2
-5 2
+5 2
-4 2
+1 2
-2 2
+5 2
+1 8
+19 2
+8 2
-8 2
+8 2
-10 2
+2 6
+8 2
+1 4
-1 2
+1 2
-1 2
+1 2
-1 4
+1 2
-1 2
+45 2
-45 2
+45 2
-45 2
+45 2
-45 4
+1 28
-1 70
+1 107
+7 4
-1 2
+1 4
-8 2
+7 2
-7 6
1220 8
+9 6
+10 4
fi=(39) /build/glibc-XzEjT5/glibc-2.23/elf/./dl-map-segments.h
51 2
fi=(23)
1239 2
fi=(39)
56 4
-5 2
fi=(23)
1239 4
fi=(39)
56 10
fi=(23)
1239 2
fi=(39)
56 2
fi=(23)
1239 2
fi=(39)
56 8
cfi=(38)
cfn=(138)
calls=2 -26 
* 32
+4 2
-4 2
+4 2
+3 4
+3 2
-2 4
+2 4
+10 8
fi=(41) /build/glibc-XzEjT5/glibc-2.23/elf/./dl-load.h
+14 4
+1 10
+2 6
-3 4
+1 10
+2 6
fi=(39)
+7 16
+8 2
-2 2
+2 4
-2 2
+1 2
+1 4
+1 2
-1 10
+8 4
+17 4
+12 4
-59 20
+2 2
+2 2
-2 8
+2 20
cfi=(38)
cfn=(138)
calls=2 -60 
* 32
* 4
fi=(23)
1085 2
+1 1
+5 28
+5 28
+9 8
+1 4
+3 8
-4 8
+1 4
+2 4
-2 8
-1 4
+3 24
-3 12
-1 4
+5 4
-5 4
+2 4
+7 4
-6 4
+1 4
+5 4
+1 2
-1 4
+1 8
+4 6
-14 2
+14 18
+11 2
-11 6
-14 2
+14 18
+11 2
+3 3
+4 1
+1 2
+1 1
+11 1
-7 1
+3 1
+4 2
-7 1
+7 1
+6 1
cfi=(31)
cfn=(170) _dl_next_tls_modid
calls=1 52 
* 11
* 1
+1 1
+59 4
+1 4
+1 2
-6 4
+1 2
-71 5
1251 8
+9 6
fi=(3)
39 4
+6 2
-2 2
+2 2
+20 2
+3 2
-7 2
+4 2
+3 2
-7 2
-1 4
+1 16
-16 16
+2 12
+14 33
-16 66
+2 66
-2 4
+2 8
+13 30
+2 6
+3 6
+13 4
+20 7
+1 5
+1 5
+1 5
+2 2
-4 5
+1 5
+1 5
+2 2
+3 10
+2 10
+1 7
+1 5
+6 2
+7 5
-13 5
+6 2
+7 5
+5 4
+4 4
+1 8
+12 4
+5 1
+2 1
+1 2
-3 1
+4 1
+1 2
+1 1
+1 2
+2 6
+10 1
-8 1
+8 2
-8 1
+8 3
+5 1
+1 3
+2 2
* 2
fi=(23)
1267 8
+15 6
+19 6
+2 14
+54 4
+1 3
+3 2
cfi=(25)
cfn=(152)
calls=1 84 
* 7
* 2
cfi=(25)
cfn=(152)
calls=1 84 
* 7
* 4
+9 6
+4 2
-2 2
+2 2
-2 2
+2 2
-2 4
+2 4
+16 4
cfi=(7)
cfn=(12)
calls=2 953 
* 46
+4 6
+1 4
+17 6
+4 12
+5 6
+10 10
+10 6
cfi=(15)
cfn=(52)
calls=2 32 
* 98
+4 10
fi=(3)
68 4
+2 12
fi=(23)
1413 4
fi=(39)
119 8
+8 10
cfi=(42)
cfn=(148)
calls=2 -98 
* 197
* 4
-54 2
-1 2
+1 2
-1 10
cfi=(40) /build/glibc-XzEjT5/glibc-2.23/misc/../sysdeps/unix/syscall-template.S
cfn=(144) mprotect
calls=2 +12 
* 14
* 2
fi=(41)
+22 5
+1 7
+3 5
fi=(39)
+39 8
cfi=(38)
cfn=(138)
calls=1 30 
* 16
+3 2
fi=(23)
1255 2
fe=(15)
61 6
+1 2
-1 6
+1 2
cfi=(11)
cfn=(22)
calls=2 +8 
* 105
+6 6
-6 4
+6 4
+7 10
cfi=(18)
cfn=(50)
calls=2 300 
* 679
cfi=(17)
cfn=(36)
calls=2 +36 
* 149
* 32
+22 3
-8 6
-2 3
+10 9
+4 3
-3 3
+3 3
-4 3
+1 6
+3 3
+2 3
-2 3
+9 3
-8 9
+5 6
+3 7
+2 1
-2 18
+2 15
-2 45
+18 15
-5 6
-1 6
+6 9
+2 6
+3 2
+4 6
+4 4
+2 4
+6 1
+3 1
+3 2
-3 2
+3 4
+2 4
cfi=(11)
cfn=(22)
calls=2 -87 
* 121
+4 2
-4 6
+4 2
+68 3
68 22
+73 8
-15 1
+7 5
+32 4
cfi=(18)
cfn=(51) memcpy'2
calls=2 300 
* 288
cfi=(17)
cfn=(42)
calls=2 -70 
* 68
* 20

fn=(52)
32 6
+2 3
-2 3
+2 12
cfi=(2)
cfn=(54)
calls=3 704 
* 12
+2 16
+3 15
+2 2
+2 2
+4 4
+1 2
-1 2
+1 2
+3 2
-4 2
+1 2
+3 2
-2 4
-2 6
+1 2
+1 2
+3 2
-1 2
cfi=(2)
cfn=(56)
calls=2 710 
* 8
-4 2
+1 1
-1 1
+1 1
+3 1
-4 1
+1 1
+3 1
-2 2
-2 3
+1 1
+1 1
+3 1
-1 1
cfi=(2)
cfn=(56)
calls=1 710 
* 4
-5 2

fl=(18)
fn=(50)
300 46
+1 46
+1 46
+40 46
+1 46
+1 46
+8 158
+3 3
+1 3
+2 3
+2 3
+2 3
+2 3
cfi=(15)
cfn=(33)
calls=1 97 
* 364
-12 32
+3 2
+1 2
+2 2
+2 2
+2 2
+2 2
-12 8
+3 1
+1 1
+2 1
+2 1
+2 1
+2 1
-12 48
+3 8
+1 8
+2 8
+2 8
+2 8
+2 8
cfi=(23)
cfn=(83)
calls=1 524 
* 130
-12 96
+3 24
+1 24
+2 24
+2 24
+2 24
+2 24
cfi=(15)
cfn=(33)
calls=1 97 
* 261
-12 10
+3 5
+1 5
+2 5
+2 5
+2 5
+2 5
cfi=(43) /build/glibc-XzEjT5/glibc-2.23/elf/dl-deps.c
cfn=(155) _dl_map_object_deps'2
calls=1 470 
* 1368
-9 3
+1 3
+2 3
+2 3
+2 3
+2 3
cfi=(27) /build/glibc-XzEjT5/glibc-2.23/elf/../string/string.h
cfn=(78) _dl_important_hwcaps
calls=1 652 
* 1067
cfi=(15)
cfn=(33)
calls=1 97 
* 133

fn=(51)
300 17
+1 17
+1 17
+40 17
+1 17
+1 17
+8 56
+3 1
+1 1
+2 1
+2 1
+2 1
+2 1
cfi=(27)
cfn=(140) _dl_new_object
calls=1 652 
* 156
-12 16
+3 1
+1 1
+2 1
+2 1
+2 1
+2 1
cfi=(27)
cfn=(140)
calls=1 652 
* 66
-12 8
+3 1
+1 1
+2 1
+2 1
+2 1
+2 1
cfi=(43)
cfn=(155)
calls=1 613 
* 233
-12 8
+3 2
+1 2
+2 2
+2 2
+2 2
+2 2
cfi=(43)
cfn=(155)
calls=1 470 
* 484
-12 6
+3 3
+1 3
+2 3
+2 3
+2 3
+2 3
-9 9
+1 9
+2 9
+2 9
+2 9
+2 9

fl=(43)
fn=(154) _dl_map_object_deps
fi=(2)
1653 5
+1 1
-1 1
+1 3
-1 1
+1 3
-1 3
+1 9
-1 3
+4 5
+1 2
+1 1
+2 2
+1 9
-1 3
+1 2
-1 1
+1 7
-1 3
-3 1
+16 2
+1 1
-1 2
+1 2
+2 1
+4 1
-2 1
+2 1
-2 2
-2 1
+2 2
+2 1
-4 2
+5 1
-1 1
+14 2
+1 4
+1 3
+11 1
+2 3
-2 1
+2 3
-2 1
+1 1
-1 1
+2 1
cfi=(33) /build/glibc-XzEjT5/glibc-2.23/elf/dl-error.c
cfn=(172) _dl_receive_error
calls=1 205 
* 83835
-38 3
fe=(43)
160 1
+1 2
-1 2
-8 2
+8 1
+1 2
-9 1
+9 1
-9 1
+9 1
-17 1
+2 1
+6 1
-7 1
+1 1
-2 1
+34 5
-34 1
+35 1
-35 1
+34 1
-33 2
+7 3
+26 5
+23 1
-19 1
300 1
-99 1
+48 1
-67 1
300 1
-99 2
+48 1
-67 1
+22 1
-22 1
+19 1
+99 1
-96 1
+45 1
-60 1
300 1
188 1
-6 1
+67 1
-46 2
+14 1
-4 2
-4 1
+4 1
+4 2
+12 3
+2 1
+11 1
-4 1
-7 1
+6 1
-6 2
+11 1
-6 1
+3 1
-1 1
+1 1
+3 2
+64 2
-64 1
+64 2
-11 3
-53 2
+1 2
+6 6
cfi=(28) /build/glibc-XzEjT5/glibc-2.23/string/../sysdeps/arm/armv6/strchr.S
cfn=(80) index
calls=1 28 
* 79
* 2
+5 2
-3 1
+3 6
cfi=(33)
cfn=(108) _dl_catch_error
calls=1 -91 
* 9782
-36 7
-9 1
+9 2

fn=(155)
217 2
-4 4
-4 2
+4 2
+4 4
+12 6
+2 1
+11 1
-4 1
-7 1
+6 1
-6 2
+11 1
-6 1
+3 1
-1 1
+1 1
+3 2
+64 2
-64 1
+64 2
-11 3
-53 2
+1 46
+6 6
cfi=(28)
cfn=(80)
calls=1 28 
* 149
* 2
+5 2
-3 1
+3 6
cfi=(33)
cfn=(109) _dl_catch_error'2
calls=1 -91 
* 320
+2 3
+15 1
+2 3
+19 2
+1 2
-51 69
459 4
+2 4
+2 1
cfi=(18)
cfn=(51)
calls=1 300 
* 502
cfi=(17)
cfn=(42)
calls=1 95 
* 34
* 11
+7 10
cfi=(18)
cfn=(51)
calls=2 300 
* 34
+2 2
+2 2
-1 2
+1 4
+4 14
+3 6
-1 3
+1 7
202 2
+76 1
+8 1
+2 1
-6 1
+4 1
-3 1
+1 1
-3 1
+5 1
-8 1
+6 1
+4 5
+7 88
485 10
+1 1
+3 4
+10 4
cfi=(18)
cfn=(51)
calls=1 300 
* 255
cfi=(17)
cfn=(42)
calls=1 95 
* 34
* 89
618 1
+1 1
-5 1
+3 1
+1 9
+1 3
cfi=(42)
cfn=(148)
calls=1 29 
* 31
* 7
+4 1
+1 1
-1 4
+1 1
-1 1
+1 1
-1 1
+1 1
+6 1
-7 1
+7 2
-7 2
+1 2
-1 8
+1 2
-1 2
+1 2
-1 2
+1 2
+6 2
-7 2
+7 8
+2 8
+1 2
-1 4
+1 2
+2 2
+1 2
-1 4
+1 2
+28 18
cfi=(42)
cfn=(148)
calls=2 29 
* 35
* 8
-6 3
-28 6
+31 10
+10 4
+1 1
+2 2
-1 1
+1 2
+1 2
+7 2
+3 3
+3 3
423 8
218 14
-9 2
+9 6
-9 2
+9 4
+4 1
-2 1
+2 4
+7 6
459 1
210 1
459 3
613 1
-38 2
+38 1

fn=(156) openaux
60 4
+4 2
-4 2
+3 12
+2 6
-2 4
cfi=(23)
cfn=(118) _dl_map_object
calls=2 2189 
* 8185
* 1
+5 2
fi=(33)
188 2
+2 1
+1 1
-3 1
+1 2
+10 1
-9 1
+1 1
+8 2
fe=(43)

fl=(9) /build/glibc-XzEjT5/glibc-2.23/elf/../sysdeps/unix/sysv/linux/arm/brk.c
fn=(18) brk
28 2
+3 2
cfi=(10) /build/glibc-XzEjT5/glibc-2.23/elf/../sysdeps/unix/sysv/linux/arm/libc-do-syscall.S
cfn=(20) __libc_do_syscall
calls=1 +9 
* 4
* 3
+2 1
-2 2
+2 1
+6 1
+1 1

fl=(49) /build/glibc-XzEjT5/glibc-2.23/elf/dl-init.c
fn=(226) _dl_init
80 2
+5 1
-5 1
+1 1
-1 1
+5 1
-3 1
-2 1
+5 2
+8 4
+25 4
+1 1
+1 4
-90 3
+89 1
+1 4
-90 3
+90 8
-90 18
cfn=(228) call_init.part.0
calls=3 -2 
* 288
+89 6
+7 1
-96 3
+58 6
cfn=(228)
calls=1 -60 
* 73
* 1

fn=(228)
28 4
+11 4
-3 12
+3 11
+5 15
+5 10
+9 14
cob=(3)
cfi=(51)
cfn=(242)
calls=1 -6 
* 233
cob=(2)
cfi=(16)
cfn=(230) 0x048293e0
calls=1 -58 
* 9
* 2
+4 2
+6 1
+2 2
-2 1
+2 1
+1 3
+1 5
cob=(4) /usr/lib/valgrind/vgpreload_core-arm-linux.so
cfi=(50) ???
cfn=(236) 0x000004ed
calls=1 -72 
* 21
-1 3
-26 5
-5 3

fl=(13) /build/glibc-XzEjT5/glibc-2.23/elf/dl-environ.c
fn=(28) _dl_next_ld_env_entry
30 3
+3 49
+2 69
+1 27
+2 2
+3 4
+9 6

fl=(30) /build/glibc-XzEjT5/glibc-2.23/elf/dl-debug.c
fn=(100) _dl_debug_state
74 2

fn=(96) _dl_debug_initialize
47 12
+3 4
+5 3
+5 4
+1 1
-2 1
+2 1
-1 1
+1 1
-1 1
+5 12
-14 8
+4 12
+3 2
-58 2

fl=(14)
fn=(30)
312 13
-7 13
+3 13
-3 13
+4 13
+3 13
+4 12
+16 8
+1 4
125 15
+50 4
-2 4
+1 4
+1 12
-71 2
+1 2
+4 6
336 2
+4 6
+1 2
+5 22
+6 9
-1 9
+1 9
+1 37
-4 60
+3 60
+1 120
-7 134
+12 7
+1 26
181 4
-36 3
+1 6
+23 3
-2 3
+1 3
+1 4
-2 1
+1 1
+1 1
-20 1
+1 1
-1 1
+4 1
-1 1
+11 1
-2 1
+1 1
+1 1
358 4
188 2
-9 2
+1 2
+4 4
+1 2
+3 2
+5 4

fl=(22) /build/glibc-XzEjT5/glibc-2.23/posix/../sysdeps/unix/syscall-template.S
fn=(68) uname
84 5
+1 2

fl=(44) /build/glibc-XzEjT5/glibc-2.23/io/../sysdeps/unix/sysv/linux/xstat64.c
fn=(162) __xstat64
fi=(23)
2092 2
-20 8
+3 3
+4 3
fi=(27)
652 1
fi=(23)
2079 1
fi=(27)
652 1
fi=(23)
2079 1
fi=(27)
652 2
cfi=(18)
cfn=(50)
calls=1 300 
* 20
* 4
cfi=(18)
cfn=(50)
calls=1 300 
* 18
fi=(23)
2085 1
-7 1
+7 1
-7 2
+7 1
+3 11
cfn=(122) open_verify.constprop.8
calls=1 1717 
* 39
+2 1
-2 1
+2 2
+7 2
+1 11
+6 3
+2 2
-2 2
+2 2
cfi=(44)
cfn=(163) __xstat64'2
calls=1 35 
* 2386
* 1
+3 3
+7 2
fe=(44)
35 2
-2 1
+2 2
cfi=(10)
cfn=(20)
calls=1 +5 
* 4
* 7
+6 1

fn=(163)
fi=(23)
2092 28
-20 119
+3 42
+4 42
fi=(27)
652 14
fi=(23)
2079 14
fi=(27)
652 14
fi=(23)
2079 14
fi=(27)
652 28
cfi=(18)
cfn=(50)
calls=14 300 
* 246
* 56
cfi=(18)
cfn=(50)
calls=14 300 
* 252
fi=(23)
2085 14
-7 14
+7 14
-7 28
+7 14
+3 154
cfn=(122)
calls=14 1717 
* 546
+2 14
-2 14
+2 28
+67 9
+7 3
-2 1
+2 1
-2 2
+2 2
+3 2
-13 1
+27 3
-84 28
+1 154
+6 42
+2 28
-2 28
+2 28
cfi=(44)
cfn=(163)
calls=14 35 
* 15843
* 15
+1 4
+2 42
+7 30
-5 4
fe=(44)
35 30
-2 15
+2 30
cfi=(10)
cfn=(20)
calls=15 +5 
* 60
* 30
+6 1
-6 70
+6 14

fl=(8) /build/glibc-XzEjT5/glibc-2.23/elf/../elf/dl-sysdep.c
fn=(14) _dl_sysdep_start
fi=(2)
339 5
440 3
fe=(8)
111 2
-25 1
+25 2
-25 1
+24 1
-24 1
+25 2
-1 1
+1 3
-1 1
+1 77
+6 1
-2 1
-4 1
+3 1
-3 1
+3 1
+1 1
-1 1
+3 37
+1 71
-1 99
+62 1
+1 1
-1 1
+1 1
-29 1
+1 1
-1 1
+1 1
+11 1
+1 1
-1 1
+1 1
-7 4
+1 3
-4 1
+1 1
-1 1
+1 1
-25 1
+1 2
-4 1
+1 1
-1 1
+1 1
-7 1
+1 1
+2 1
+1 1
fi=(6) /build/glibc-XzEjT5/glibc-2.23/elf/../sysdeps/arm/dl-machine.h
259 1
fi=(21)
35 2
cfi=(9)
cfn=(18)
calls=1 -7 
* 17
fi=(6)
259 5
fe=(8)
-25 2
cfi=(12) /build/glibc-XzEjT5/glibc-2.23/elf/../misc/sbrk.c
cfn=(24) sbrk
calls=1 34 
* 14
* 4
+12 4
+3 7
cfi=(2)
cfn=(26) dl_main
calls=1 790 
* 103450
-17 1
cfi=(11)
cfn=(22)
calls=1 70 
* 26
* 2
+8 5

fn=(216) _dl_sysdep_start_cleanup
256 1

fl=(34) /build/glibc-XzEjT5/glibc-2.23/setjmp/../sysdeps/arm/setjmp.S
fn=(112) __sigsetjmp
27 9
+2 3
+4 3
+4 3
+1 3
+1 3
+2 3
+1 3
+9 3
+10 9
+22 3
+5 3
+1 3
+20 3
cfi=(17)
cfn=(114)
calls=3 +41 
* 15

fl=(12)
fn=(24)
34 2
+8 8
+4 2
+16 2

fl=(21)
fn=(66)
47 1
-2 1
+2 1
-2 1
+2 3
+85 2
-45 2
cfi=(22)
cfn=(68)
calls=1 -3 
* 7
+15 1
-15 1
+20 1
+8 1
-9 1
+3 15
+4 3
-2 3
+2 12
+10 3
-4 3
+2 3
+2 10
+5 2

fl=(31)
fn=(190) allocate_dtv
314 1
+8 1
-1 1
-7 1
+7 2
+1 1
-1 1
+1 1
cfi=(17)
cfn=(36)
calls=1 111 
* 52
* 8
+69 2
+5 2

fn=(188) _dl_allocate_tls_storage
fi=(2)
639 2
+6 1
+3 1
-3 1
+3 1
-3 2
+3 1
cfi=(10)
cfn=(20)
calls=1 40 
* 4
* 2
+3 2
+2 1
-2 2
+3 1
fe=(31)
354 1
+2 2
+6 1
-6 1
+6 4
+5 2
cfi=(42)
cfn=(148)
calls=1 29 
* 448
cfi=(17)
cfn=(48)
calls=1 53 
* 72
* 12

fn=(189)
390 2
cfn=(190)
calls=1 -76 
* 73

fn=(212) _dl_add_to_slotinfo
890 2
+9 1
-3 1
+3 3
+5 3
+42 3
-1 1
+1 3
+1 1

fn=(214) _dl_allocate_tls_init
449 2
+1 3
+10 1
-6 1
+6 5
+12 1
-15 2
+15 1
-16 3
+16 1
+11 1
-11 1
+11 1
+10 6
-16 7
+6 12
+20 2
+1 5
fi=(27)
652 5
cfi=(18)
cfn=(50)
calls=1 300 
* 18
fe=(31)
515 6
cfi=(42)
cfn=(148)
calls=1 29 
* 49
* 3
-38 5
+6 4
+3 1
+1 2
+6 5
+3 1
-2 1
+2 1
+1 1
-3 2
+2 2
+1 1
+3 1
-1 3
+30 1
+3 3

fn=(98) _dl_count_modids
115 4
+1 1
+15 1

fn=(184) _dl_determine_tlsoffset
144 1
-6 1
+6 1
-6 1
+6 3
+3 3
+83 1
-81 1
+81 2
+2 12
+3 1
+4 1
-2 1
+2 1
-4 1
+2 1
-3 1
+5 1
-2 2
+2 1
-5 1
+3 1
-3 1
+5 2
+14 5
cfi=(1) ???
cfn=(186) __udivsi3
calls=1 0 
* 12
+1 2
-24 1
+23 1
+1 2
+1 3
+2 2
+1 1
-28 5
+34 1
-34 4
+37 2
+1 1
+7 1
-8 1
+8 1
+1 2
cfi=(2)
cfn=(183) init_tls'2
calls=1 638 
* 565

fn=(170)
52 1
-3 1
+3 5
+48 3
+4 1

fl=(11)
fn=(22)
70 19
+1 19
+5 19
+1 19
+1 19
+1 19
+1 19
+1 9
+1 9
+3 9
+2 9
+1 9
+2 9
+1 9
+1 9
+1 9
+1 9
+3 7
+2 7
+1 7
+1 7
+1 7
+1 7
+1 7
+3 5
+2 5
+1 5
+1 5
+1 5
+1 5
+1 5
+3 5
+2 5
+1 5
+1 5
+1 5
+1 5
+1 5
+1 5
+1 5
-41 6
+2 6
+1 6
+2 6
+1 6
+1 6
+1 6
+1 6
+3 4
+2 4
+1 4
+1 4
+1 4
+1 4
+1 4
-14 10
+1 10
+1 10
+1 10
+1 10
+3 7
+2 7
+1 7
+1 7
+1 7
+1 7
+1 7
+3 2
+2 2
+1 2
+1 2
+1 2
+1 2
+1 2
+3 1
+2 1
+1 1
+1 1
+1 1
+1 1
+1 1
+1 1
+1 1
+3 19
+1 19
+1 19
+1 19
+2 19
+2 19
+1 19
+4 19
+1 19
+4 10
+2 10
+1 10
+1 10
+1 10
+1 10
+1 10
+7 10
+1 10
+1 10
+2 10
+1 10
+1 10

fl=(33)
fn=(108)
fi=(2)
683 2
+10 4
+4 2
fi=(43)
217 1
-4 2
-4 1
+4 1
+4 2
+26 48
+13 3
+15 1
+2 3
+19 2
-50 75
459 2
+19 6
+3 3
-1 1
+1 2
278 1
+8 1
+2 1
-6 1
+4 1
-3 1
+1 1
-3 1
+5 1
-8 1
+6 1
+4 5
+7 96
423 4
218 7
-9 1
+9 3
-9 1
+9 2
+4 1
-2 1
+2 4
+2 17
+5 9
459 1
210 1
459 3
+2 2
+2 1
cfi=(18)
cfn=(50)
calls=1 300 
* 1384
cfi=(17)
cfn=(42)
calls=1 95 
* 34
* 11
fe=(33)
163 4
+17 2
-5 2
+1 2
+4 2
-17 2
+12 2
+3 2
-1 2
+1 2
+2 2
-4 2
-1 2
+2 2
+3 2
cfi=(2)
cfn=(110) _dl_initial_error_catch_tsd
calls=2 664 
* 6
+5 2
-4 2
+1 4
+3 2
-4 2
+4 2
cfi=(34)
cfn=(112)
calls=2 27 
* 46
* 4
+2 6
cfi=(43)
cfn=(156)
calls=1 60 
* 7976
cfi=(2)
cfn=(116) map_doit
calls=1 496 
* 3540

fn=(109)
163 2
+17 1
-5 1
+1 1
+4 1
-17 1
+12 1
+3 1
-1 1
+1 1
+2 1
-4 1
-1 1
+2 1
+3 1
cfi=(2)
cfn=(110)
calls=1 664 
* 3
+5 1
-4 1
+1 2
+3 1
-4 1
+4 1
cfi=(34)
cfn=(112)
calls=1 27 
* 23
* 2
+2 3
cfi=(43)
cfn=(156)
calls=1 60 
* 254
+1 2
+2 1
+1 1
-3 1
+1 2
+10 1
-9 1
+1 1
+8 2

fn=(172)
fi=(2)
1720 4
+1 2
+1 1
cfn=(182) init_tls
calls=1 589 
* 81733
fe=(33)
205 2
+1 1
-1 2
+6 1
-5 1
+5 1
-5 2
cfi=(2)
cfn=(110)
calls=1 664 
* 3
+5 1
+3 1
+1 1
-9 1
+11 1
-7 1
+4 1
+3 1
cfi=(2)
cfn=(174) version_check_doit
calls=1 531 
* 2074

fl=(29)
fn=(88)
40 6
+1 3
cfi=(11)
cfn=(22)
calls=3 +29 
* 154
* 3
+1 6
cfi=(17)
cfn=(42)
calls=3 +53 
* 102
* 24
-42 9
fi=(1)
cfi=(18)
cfn=(50)
calls=3 300 
0 86
fe=(29)

fl=(28)
fn=(80)
28 6
+2 6
+8 6
+1 6
+1 6
+1 6
+1 6
+1 6
+3 57
+2 57
+1 57
+1 57
+1 57
+1 57
+1 57
+3 5
+1 5
+1 5
+1 5
+1 3
+3 3
+7 3
+2 3
+2 3
+1 3
+1 3
+5 3
+7 3
+1 3
+1 3
+1 3
+1 3
+1 3
+1 3
+1 3
+1 3
+1 3
+1 3
+1 3
+2 3
-13 3
+1 3
+1 3
+1 3
+1 3
+1 3
+1 3
+1 3
+1 3
+1 3
+1 3
+1 3
+2 3
+6 3
+1 3
+1 3
+1 3
+1 3
+1 3
+5 3
+6 3
+1 3
+1 3
+1 3
+1 3
+1 3
+2 3
+9 3
+1 3
+1 3
+1 3
cfi=(23)
cfn=(71) _dl_init_paths'2
calls=1 810 
* 1011
-3 3
+1 3
+1 3
+1 3

fn=(81) index'2
28 1
+2 1
+8 1
+1 1
+1 1
+1 1
+1 1
+1 1
+3 14
+2 14
+1 14
+1 14
+1 14
+1 14
+1 14
+3 1
+1 1
+1 1
+1 1
+80 1
+1 1
+1 1
+1 1

fl=(7)
fn=(202) do_lookup_x
355 470
+1 94
-1 282
+6 94
-6 376
+6 94
+42 94
523 94
-39 94
-81 188
-22 94
484 94
+39 94
-39 94
381 94
523 94
381 94
484 282
366 188
+3 188
-3 412
+3 412
+4 600
+4 900
+4 1200
+6 900
+8 300
-4 300
+5 300
+3 300
-4 300
+1 300
-5 300
+4 300
+1 300
-4 300
+8 600
+10 300
-8 300
+8 600
-8 300
+8 300
-8 300
+8 300
-8 300
+8 2400
-99 215
553 1815
+1 60
cfi=(35)
cfn=(120)
calls=30 288 
* 1134
* 60
+3 645
+3 9
+1 18
-92 255
+50 640
+4 40
+12 85
+2 85
-2 85
+1 85
+25 170
413 294
cfi=(1)
cfn=(204) __aeabi_uidivmod
calls=98 0 
* 14033
* 196
+2 196
+2 96
+6 96
-6 192
+6 96
-6 96
+6 96
-6 480
+6 96
-6 384
+13 342
-10 796
+2 85
+1 85
-1 85
+1 170
-1 85
+1 1105
cfn=(206) check_match
calls=85 92 
* 11745
+4 170
+34 33
+94 77
439 765

fn=(206)
92 340
+3 1445
+12 510
+3 420
cfi=(19)
cfn=(58)
calls=20 +71 
* 1471
* 40
+4 85
+1 85
+2 166
+19 83
+1 83
-1 83
+1 581
+39 170
-11 4
+2 2
+1 8
-1 8
-29 249
cfi=(19)
cfn=(58)
calls=83 +43 
* 5663
* 249

fn=(200) _dl_lookup_symbol_x
806 282
568 94
806 564
568 376
+1 188
-1 282
+1 2474
-1 3711
812 94
-4 188
+1 94
+3 94
-3 188
+3 282
+4 437
+7 188
-2 188
+6 188
-7 1128
+15 81
-8 45
+2 1504
cfn=(202)
calls=94 355 
* 53615
+3 188
+26 564
+22 85
+1 510
+31 85
+9 425
+14 255
+3 595
+5 85
+2 282
-85 54
+16 18
+1 18
+59 3

fn=(12)
953 4
+3 8
+4 4
+4 8
+2 4
-1 4
+3 12
+1 4
+1 8
+7 4
-4 4
+4 8
-2 4
+2 4
-7 4
+2 4
+6 4

fl=(74)
fn=(324)
182 1
-4 1
+4 6
+1 2
+1 18
+1 3
+3 4
+4 1
-9 6

fl=(37)
fn=(136)
fi=(36) /build/glibc-XzEjT5/glibc-2.23/elf/../sysdeps/posix/dl-fileid.h
37 4
fi=(23)
919 8
fi=(36)
40 2
fi=(23)
919 2
fi=(36)
40 2
+1 2
fi=(23)
919 2
fi=(36)
41 2
fi=(23)
919 18
+1 15
fi=(36)
49 35
fi=(23)
937 6
+24 6
+10 10
+22 8
+32 2
904 6
1025 2
+3 18
cfi=(15)
cfn=(33)
calls=2 61 
* 3009
fi=(35)
55 2
+2 2
+3 1
+13 2
cfi=(25)
cfn=(152)
calls=1 +11 
* 7
+3 3
-14 6
cfi=(38)
cfn=(138)
calls=1 -32 
* 16
* 2
fe=(37)
-27 6
-2 3
+2 6
cfi=(10)
cfn=(20)
calls=3 +5 
* 12
* 6
+6 3

fl=(40)
fn=(144)
84 30
+1 12

fn=(220) munmap
84 5
+1 2

fl=(46) /build/glibc-XzEjT5/glibc-2.23/elf/dl-version.c
fn=(180) match_symbol
76 12
+9 3
-9 9
+9 6
-8 3
+8 3
-8 3
+8 3
+6 9
+15 3
+1 6
+2 6
+5 9
+14 21
+12 12
+4 4
-30 12
+19 15
cfi=(19)
cfn=(58)
calls=3 +48 
* 201
* 6
+35 9

fn=(178) _dl_check_map_versions
189 3
-15 3
+17 1
+3 3
-1 1
+1 2
-1 1
+3 3
+3 4
+4 3
56 2
237 2
56 2
237 4
-17 1
56 1
220 1
56 3
220 1
56 2
+1 2
-1 4
+2 9
cfi=(35)
cfn=(120)
calls=3 288 
* 166
* 6
228 3
+5 4
+4 22
cfn=(180)
calls=1 76 
* 110
+7 1
+3 1
-3 4
-7 1
+10 2
+9 4
+14 2
+17 2
+6 4
cfi=(17)
cfn=(36)
calls=1 111 
* 52
* 53
+93 16
cfn=(179) _dl_check_map_versions'2
calls=2 189 
* 1521
-2 2
+2 6
-1 2
-1 4

fn=(179)
189 9
-15 9
+17 3
+3 9
-1 3
+1 6
-1 3
+3 9
+3 4
+4 3
56 2
237 2
56 2
237 4
-17 1
56 1
220 1
56 3
220 1
56 2
+1 3
-1 6
+2 12
cfi=(35)
cfn=(120)
calls=4 288 
* 270
* 8
228 3
+5 4
+19 1
-15 32
cfn=(180)
calls=2 76 
* 245
+7 2
+3 2
-3 8
-7 2
+10 4
+9 4
+14 2
+3 10
+10 20
-7 20
+3 20
-3 80
+3 40
-3 2
+3 2
-3 8
+3 4
+8 4
+87 3
-81 8
cfi=(17)
cfn=(36)
calls=2 111 
* 104
* 475
183 2
+87 2
-87 2
+87 4
-80 2
386 8
cfn=(179)
calls=1 189 
* 186
-2 2
+2 6
-1 2
-1 4
+5 2

fn=(176) _dl_check_all_versions
fi=(2)
531 1
+1 1
fe=(46)
380 1
+4 6
+2 8
cfn=(178)
calls=1 189 
* 2046

fl=(1)
fn=(204)
0 392
cfn=(186)
calls=98 0 
0 13249
0 392

fn=(186)
0 13261

fn=(0) 0x000009c0
0 4
cfi=(2)
cfn=(2) _dl_start
calls=1 353 
0 135503460

fl=(47) /build/glibc-XzEjT5/glibc-2.23/elf/dl-reloc.c
fn=(194) _dl_relocate_object
149 24
+15 4
-5 4
-10 12
+10 4
+5 8
+1 32
+6 12
+6 12
+4 20
+7 12
-32 4
fi=(6)
-78 12
fe=(47)
232 4
fi=(6)
78 16
fe=(47)
232 8
fi=(6)
78 4
+7 6
+4 6
+10 3
-8 3
+8 6
+16 24
fe=(47)
258 24
cfi=(42)
cfn=(148)
calls=4 29 
* 160
* 76
-98 4
fi=(6)
437 4
fe=(47)
160 4
fi=(6)
437 56
fe=(47)
160 8
fi=(4) /build/glibc-XzEjT5/glibc-2.23/elf/do-rel.h
48 4
-1 4
+11 8
-10 4
-1 4
+11 8
+3 6
fi=(6)
675 63
+1 63
fi=(4)
61 63
fi=(6)
671 21
-1 21
+3 21
-3 21
+3 21
fe=(47)
258 52
cfi=(42)
cfn=(148)
calls=4 29 
* 160
* 32
fi=(4)
98 24
fi=(6)
568 12
+64 4
-64 8
+64 8
-64 8
fi=(4)
86 8
-2 4
-36 4
+38 4
-39 4
+36 4
-36 4
-1 4
+40 4
+12 4
-15 4
+15 8
-12 8
-2 4
-36 4
+38 4
-39 4
+36 4
-36 4
-1 4
+40 4
+12 4
-15 4
+15 8
+10 12
+3 12
+7 24
+3 12
+3 18
fe=(47)
258 32
+3 16
+24 12
+3 12
+17 8
+1 8
cfn=(210) _dl_protect_relro
calls=4 +6 
* 116
+1 12
178 4
+1 24
fi=(4)
-93 5
-2 5
+2 5
+19 5
-22 5
+22 5
-19 5
+19 20
-22 5
+22 5
+13 15
+3 4
+3 4
-3 4
+3 4
fi=(6)
514 15
fi=(4)
136 3
+1 3
+1 3
-1 6
-1 6
fi=(6)
355 3
fi=(4)
137 3
fi=(6)
358 3
fi=(4)
136 3
+1 9
fi=(6)
358 3
fi=(4)
136 95
+1 95
+1 95
-1 190
-1 190
fi=(6)
355 95
fi=(4)
137 95
fi=(6)
358 95
fi=(4)
136 95
+1 285
fi=(6)
358 95
+17 196
+7 2043
fi=(4)
137 81
fi=(6)
382 1863
cfi=(7)
cfn=(200)
calls=81 806 
* 59973
* 324
+1 540
+3 372
+5 293
-9 42
+9 370
-6 10
+6 22
514 1
fi=(4)
124 1
fi=(6)
514 5
cob=(3)
cfi=(48)
cfn=(208)
calls=1 36 
* 5
fi=(4)
124 2
fi=(6)
515 1
fi=(4)
124 2
-13 6
+1 1203
-1 1203
fi=(6)
650 3609
fi=(4)
111 1206
fi=(6)
508 56
+1 14
fi=(4)
124 14
fi=(6)
509 42
fi=(4)
124 14
fi=(6)
509 14
fi=(4)
124 28
fi=(6)
-12 12
437 21
+9 7
fi=(4)
124 7
fi=(6)
446 28
fi=(4)
124 21
fi=(6)
383 5
+36 5
fi=(4)
124 5
fi=(6)
419 5
fi=(4)
124 15
fi=(6)
419 71
fi=(4)
124 71
fi=(6)
419 71
fi=(4)
124 215
fe=(47)
258 65
fi=(6)
382 48
+12 24
-12 27
fi=(4)
160 2
fi=(6)
514 6
fi=(4)
170 3
fi=(6)
355 1
fi=(4)
170 1
fi=(6)
358 1
fi=(4)
170 5
fi=(6)
358 1
fi=(4)
170 12
fi=(6)
355 4
fi=(4)
170 4
fi=(6)
358 4
fi=(4)
170 20
fi=(6)
358 4
+17 10
+7 210
cfi=(7)
cfn=(200)
calls=5 806 
* 2528
* 20
+1 14
+3 4
+5 3
fi=(4)
160 22
fi=(6)
391 4
+17 12
-23 8
+6 8
fi=(4)
160 6
fi=(6)
572 32
391 8
-8 4
+36 15
fe=(47)
258 3
+34 28

fn=(210)
312 4
+1 16
+3 4
-3 8
+3 4
-3 4
+3 4
-3 4
+7 12
+1 16
cfi=(40)
cfn=(144)
calls=4 84 
* 28
* 12

fl=(10)
fn=(20)
40 29
+5 29
+1 29
+1 29

fl=(38)
fn=(138)
30 16
+1 16
+5 32
cfi=(10)
cfn=(20)
calls=8 +4 
* 32
* 32

fl=(24) /build/glibc-XzEjT5/glibc-2.23/elf/dl-hwcaps.c
fn=(72) _dl_important_hwcaps
fi=(23)
702 1
+5 2
cfi=(28)
cfn=(80)
calls=1 28 
* 1132
cfi=(17)
cfn=(42)
calls=2 95 
* 68
* 406
fe=(24)
39 2
+2 1
-2 1
+2 1
-2 1
+3 1
-3 2
+3 4
-1 4
+10 1
-10 1
+10 7
+1 7
-1 1
+1 1
-1 3
+2 2
-2 3
+2 3
-2 6
+1 84
-1 12
+1 12
-1 36
+2 24
-2 36
+2 36
-2 72
+10 6
162 4
fi=(26) /build/glibc-XzEjT5/glibc-2.23/elf/../sysdeps/unix/sysv/linux/arm/dl-procinfo.h
42 1
fe=(24)
167 3
fi=(26)
42 2
fe=(24)
163 234
fi=(26)
42 4
fe=(24)
165 2
+2 2
-2 2
fi=(26)
42 2
fe=(24)
165 2
+2 2
-2 2
+2 2
fi=(26)
42 2
fe=(24)
165 2
+1 2
cfi=(11)
cfn=(22)
calls=2 -96 
* 67
+1 12
-5 2
+4 2
+1 4
+1 2
-1 2
+1 2
-2 2
-4 4
+6 2
-53 4
cfi=(25)
cfn=(74)
calls=1 -31 
* 14
* 2
+47 24
+8 2
+2 1
+1 1
-1 4
+1 1
+4 1
+1 1
-1 5
+4 1
-3 1
+3 2
+3 3
+4 3
+1 1
-1 13
+1 2
+2 2
+2 2
-1 1
+1 2
-1 1
+1 2
-1 1
+1 2
-1 1
+2 3
+1 2
+1 4
+5 3
+6 5
+1 1
-1 1
+1 2
cfi=(18)
cfn=(50)
calls=1 +92 
* 1081
cfi=(17)
cfn=(42)
calls=1 95 
* 34
* 37
-95 1
+17 1
-17 3
+17 2
+1 1
-1 4

fl=(2)
fn=(192) security_init
719 1
-2 1
+2 1
-2 1
+20 1
fi=(98) /build/glibc-XzEjT5/glibc-2.23/elf/../sysdeps/unix/sysv/linux/dl-osinfo.h
62 1
fe=(2)
717 1
+6 1
-6 1
+15 1
-9 1
+9 1
fi=(98)
62 1
fe=(2)
723 2
fi=(98)
78 1
fe=(2)
737 1
-5 1
+6 3

fn=(174)
531 2
-2 1
+2 1
-2 1
+2 3
cfi=(46)
cfn=(176)
calls=1 380 
* 2063
fi=(33)
220 1
-1 1
+1 1
fe=(2)

fn=(106) do_preload
670 2
+10 1
-10 1
+12 1
-12 1
+10 1
-3 1
+5 6
-6 1
-4 1
+8 1
-2 1
-6 1
+6 1
+4 1
cfi=(33)
cfn=(108)
calls=1 163 
* 3602
+80 1
+18 1
-18 2
+21 4

fn=(116)
496 2
+2 1
+1 2
-3 1
+3 8
cfi=(23)
cfn=(118)
calls=1 2189 
* 3514
fi=(33)
188 2
+2 1
+1 1
-3 1
+1 2
+10 1
-9 1
+1 1
+8 2
fe=(2)

fn=(26)
790 2
2383 1
790 1
2383 1
+7 1
-7 2
790 1
2390 1
-7 1
790 1
2383 1
+3 1
790 2
+19 1
2390 1
809 1
2383 1
+7 3
-7 1
+7 1
812 1
2390 1
809 1
2390 1
812 1
2526 1
812 1
-3 1
2534 1
2390 2
809 1
2390 1
2534 1
816 1
2390 1
2526 1
817 1
-1 1
+6 1
2534 1
817 1
2523 1
822 1
2385 1
2523 1
816 1
+1 1
+5 1
2523 1
2392 2
cfi=(13)
cfn=(28)
calls=1 30 
* 45
* 4
cfi=(13)
cfn=(28)
calls=2 30 
* 115
* 9
+4 35
+1 19
-1 76
+3 4
+6 14
2553 5
+30 7
832 5
1033 10
cfi=(15)
cfn=(32)
calls=1 61 
* 102847
2480 1
+1 1
-1 4
+1 4
cfi=(14)
cfn=(30)
calls=1 312 
* 86
* 2
-55 5
cfi=(14)
cfn=(30)
calls=1 312 
* 18
* 2
+7 5
cfi=(14)
cfn=(30)
calls=1 312 
* 56
* 1
+2 5
+48 5
fi=(8)
250 1
+1 2
fe=(2)

fn=(102) handle_ld_preload
757 2
108 1
757 1
+23 1
-8 1
108 1
757 2
+1 1
+22 2
-18 2
fi=(32) /build/glibc-XzEjT5/glibc-2.23/elf/../string/bits/string2.h
962 97
+1 44
-2 88
+2 44
-2 90
+2 1
-2 2
fe=(2)
766 3
108 1
776 3
+1 2
108 1
779 3
+1 4
cfn=(106)
calls=1 670 
* 3631
-12 5
cfi=(18)
cfn=(50)
calls=1 300 
* 36
+1 3
1539 1
+13 5
cfi=(25)
cfn=(74)
calls=1 84 
* 14
* 2
+77 2
-96 1
+96 2
+18 10
cfi=(43)
cfn=(154)
calls=1 160 
* 93932
-14 1
+1 1
-1 5
+4 2
+1 1
+1 2
+1 2

fn=(110)
664 12

fn=(182)
589 1
+2 3
+4 1
-4 1
+4 2
+10 4
cfi=(31)
cfn=(184)
calls=1 144 
* 654
cfi=(17)
cfn=(36)
calls=1 111 
* 52
* 37
1722 1
+2 4
+3 1
cfn=(192)
calls=1 719 
* 21
+2 3
1959 3
2080 1
+11 1
-1 1
-10 1
+28 2
-28 1
+28 1
-21 2
-7 1
+28 1
+1 2
-29 2
+28 1
-21 1
+22 1
-22 1
+4 1
+2 8
+5 8
+2 8
+6 12
+2 12
+1 24
cfi=(47)
cfn=(194)
calls=3 149 
* 72633
+4 21
-22 10
+33 4
+5 8
+2 5
+5 3
cfi=(31)
cfn=(214)
calls=1 449 
* 170
+3 5
-25 2
cfi=(31)
cfn=(212)
calls=1 890 
* 18
* 1
-12 2
+1 1
-3 2
+48 8
+2 3
+17 1
+1 3
-1 2
+1 2
cfi=(47)
cfn=(194)
calls=1 149 
* 7883
+11 1
cfi=(8)
cfn=(216)
calls=1 256 
* 1
+4 5
+20 3
cfi=(30)
cfn=(96)
calls=1 47 
* 13
+1 1
-1 1
+2 1
cfi=(30)
cfn=(100)
calls=1 74 
* 1
+1 1
+4 1
cfi=(45)
cfn=(218) _dl_unload_cache
calls=1 321 
* 19
+5 3
2015 2
+4 1
-4 1
+4 2
+4 1
-8 1
+4 1
+7 1
-3 1
+3 1
-7 1
+7 1

fn=(183)
638 1
cfi=(31)
cfn=(188)
calls=1 354 
* 564

fn=(54)
704 20

fn=(56)
710 20
cob=(3)
cfi=(73)
cfn=(319)
calls=1 144 
* 3

fn=(2)
0 13
fi=(1)
cfi=(49)
cfn=(226)
calls=1 80 
0 439
0 3
fi=(1)
cob=(5)
cfi=(58)
cfn=(258) 0x0000057d
calls=1 0 
0 135398378
353 3
fi=(6)
57 1
fe=(2)
353 2
fi=(6)
48 1
fe=(2)
353 1
fi=(6)
48 1
+9 1
fe=(2)
397 1
fi=(6)
64 1
fe=(2)
394 1
fi=(6)
63 1
+1 1
fe=(2)
394 1
+3 1
fi=(3)
45 1
fe=(2)
397 1
-3 1
fi=(3)
45 1
+25 1
-5 1
+2 1
-2 1
-1 1
+6 1
-9 1
+6 1
-3 1
+6 1
-9 1
+6 1
+3 1
-3 1
-3 1
-3 2
-13 52
-3 26
+2 26
-2 2
+2 10
+13 20
+1 12
-16 12
+33 2
+20 7
+1 7
+1 7
+1 7
+5 7
+2 7
+1 7
+1 7
+6 4
+3 3
+13 4
+1 4
+4 4
+2 4
+3 5
+1 3
fe=(2)
408 2
+7 1
304 1
415 1
305 1
-3 1
+2 1
415 1
305 1
-3 1
415 2
302 1
cfi=(7)
cfn=(12)
calls=1 953 
* 23
+15 1
+6 1
-6 1
-11 1
+17 2
-17 1
+11 1
-11 1
-3 1
+1 1
+1 1
+18 1
cfi=(8)
cfn=(14)
calls=1 111 
* 103889
fi=(3)
62 3
+3 3
fe=(2)
413 27
fi=(4)
84 1
+27 1
-27 2
-1 2
+28 1
+1 17
-1 17
fi=(6)
650 51
fi=(4)
111 17
+5 5
+8 2
fi=(5) /build/glibc-XzEjT5/glibc-2.23/elf/../sysdeps/arm/dl-irel.h
-91 1
fi=(6)
314 2
fi=(5)
33 2
fi=(6)
314 3
fi=(4)
136 1
fi=(6)
383 1
fi=(4)
139 1
-2 1
fi=(6)
355 1
fi=(4)
139 1
-2 1
fi=(6)
386 1
-3 1
+3 2
-3 1
+3 1
fi=(4)
136 8
fi=(6)
383 8
fi=(4)
139 8
-2 8
fi=(6)
355 8
fi=(4)
139 8
-2 8
fi=(6)
386 8
-3 8
+3 16
-3 8
+3 8
+5 36
fi=(3)
68 4
+2 5
fi=(4)
+54 28
fi=(6)
415 9
+1 45
fe=(2)

fl=(27)
fn=(78)
652 3
fi=(24)
251 3
fe=(27)
652 9
cfi=(18)
cfn=(51)
calls=3 300 
* 42
* 20
fi=(24)
257 4
fe=(27)
652 8
fi=(24)
257 12
+1 24
+1 8
fe=(27)
652 12
cfi=(18)
cfn=(51)
calls=4 300 
* 60
fi=(24)
257 4
fe=(27)
652 12
fi=(24)
257 4
fe=(27)
652 12
cfi=(18)
cfn=(51)
calls=4 300 
* 56
* 12
fi=(24)
264 8
+5 7
+1 1
-1 1
+1 1
-1 18
+1 15
-1 46
+5 7
+3 3
+1 3
-4 3
+3 9
+1 93
+1 32
-1 32
+1 32
-1 32
+1 32
-2 32
+2 64
-1 32
-1 100
+4 14
+3 1
+2 1
-1 1
-1 1
+2 1
-1 1
+1 1
-1 1
+1 3
+2 3
+1 3
+2 1
-2 1
-3 1
+5 1
-5 1
+2 15
+1 15
+2 5
-2 5
-3 5
+5 5
-5 15
-9 2
+22 4
+3 2
-3 28
+3 14
+3 2
+3 1
-3 1
+3 1
-3 1
+3 2
fe=(27)

fn=(140)
fi=(15)
225 2
+4 6
fe=(27)
652 42
fi=(15)
217 38
-1 38
+1 78
-1 2
+1 10
+5 6
fe=(27)

fl=(23)
fn=(158) open_path
2040 2
+1 1
-1 1
+1 1
+6 3
-2 4
+7 1
-7 1
+7 2
-8 1
+8 8
1491 1
2052 4
1485 1
2052 1
1491 1
-6 1
+6 1
-6 1
2064 5
+7 1
fi=(27)
652 1
fe=(23)
2071 1
fi=(27)
652 3
cfi=(18)
cfn=(50)
calls=1 300 
* 20
fe=(23)
2072 3
fi=(27)
652 2
fe=(23)
2072 2
+7 2
+6 2
+34 1
-47 2
+7 1
+40 1
-34 1
+34 2
-27 2
-17 3
+4 3
fi=(27)
652 1
fe=(23)
2079 1
fi=(27)
652 1
fe=(23)
2079 1
fi=(27)
652 2
cfi=(18)
cfn=(50)
calls=1 300 
* 22
* 4
cfi=(18)
cfn=(50)
calls=1 300 
* 18
fe=(23)
2085 1
-7 1
+7 1
-7 2
+7 1
+3 11
cfn=(122)
calls=1 1717 
* 39
+2 1
-2 1
+2 2
+7 2
+1 11
+6 3
+2 2
-2 2
+2 2
cfi=(44)
cfn=(162)
calls=1 35 
* 2555
2335 5
-6 1
+6 1
666 1
2336 1
666 2
2344 2
+14 3
+2 4
+4 2
cfi=(45)
cfn=(164) _dl_load_cache_lookup
calls=1 193 
* 4623

fn=(70)
fi=(2)
1251 3
cfi=(30)
cfn=(96)
calls=1 47 
* 26
+7 1
-5 1
-2 1
+2 1
+5 1
+3 3
+1 2
+9 1
-9 1
+4 1
+5 1
-9 1
+1 1
+2 1
-3 2
+4 1
-1 2
+6 1
-5 2
-3 1
+8 1
-7 1
+2 1
+6 7
+17 5
+1 3
+4 1
+7 1
-6 1
+6 1
-9 1
+2 1
-2 1
+2 2
+6 1
-5 1
+5 2
+1 5
+2 2
+1 1
-1 2
+1 1
+5 4
+5 5
805 1
1491 1
cfi=(31)
cfn=(98)
calls=1 115 
* 6
+8 1
-8 1
+8 1
+3 1
+4 4
+5 2
+1 1
cfi=(30)
cfn=(100)
calls=1 74 
* 1
+1 1
+4 5
+15 4
+4 3
-2 1
+2 1
+3 2
cfn=(102)
calls=1 757 
* 98055
fe=(23)
702 1
-13 1
+13 2
-13 2
+13 2
-13 1
+13 4
cfi=(24)
cfn=(72)
calls=1 39 
* 3635

fn=(71)
810 2
+2 2
cfi=(11)
cfn=(22)
calls=1 70 
* 48
* 7
cfi=(18)
cfn=(50)
calls=1 300 
* 20
* 1
+17 5
+1 2
-1 1
+2 2
-2 2
+1 26
-1 13
+2 26
-2 28
+5 1
cfn=(82) fillin_rpath
calls=1 444 
* 770
cfi=(17)
cfn=(42)
calls=1 95 
* 34
* 21

fn=(86) expand_dynamic_string_token
373 6
+10 4
-10 2
+10 2
cfi=(28)
cfn=(80)
calls=1 28 
* 195
cfi=(28)
cfn=(81)
calls=1 28 
* 114
* 2
+4 2
+11 2
-11 2
cfi=(29)
cfn=(88)
calls=2 40 
* 255

fn=(118)
fi=(2)
499 1
+2 2
fe=(23)
2189 12
+8 9
+1 15
+3 21
+19 15
-19 18
+5 35
+2 21
cfi=(35)
cfn=(120)
calls=7 288 
* 453
* 14
+4 18
+1 18
+3 2
+2 2
-2 6
+2 4
cfi=(19)
cfn=(58)
calls=2 181 
* 40
* 2
+2 6
cfi=(19)
cfn=(58)
calls=2 181 
* 40
* 4
+14 2
+1 2
-1 2
+1 12
+1 1
2500 8
2244 10
-53 2
+87 2
+2 4
-2 4
+2 2
cfi=(28)
cfn=(80)
calls=2 28 
* 91
* 4
2431 5
-2 1
+2 1
cfn=(86)
calls=1 373 
* 357
+1 1
-3 1
+3 2
+4 9
cfn=(122)
calls=1 1717 
* 1284
+3 1
-3 1
+3 1
+12 4
+46 1
+1 2
-1 1
+1 2
-1 1
+1 8
-1 1
+1 1
cfn=(132) _dl_map_object_from_fd
calls=1 893 
* 1562
2284 2
cfi=(11)
cfn=(22)
calls=1 70 
* 41
+2 4
-2 2
+2 1
+7 6
+35 5
+1 16
cfn=(158)
calls=1 2040 
* 7426
-32 5
+5 4
+3 1
-3 4
+3 5
-3 3
666 1
2303 1
666 2
2419 4
2317 2
+1 7
666 3
fi=(43)
63 1
+5 2
fe=(23)

fn=(122)
1717 36
+39 18
-39 18
+39 18
-39 18
+39 18
-39 36
+39 18
-39 18
+39 72
+31 54
cfi=(25)
cfn=(124)
calls=18 84 
* 238
+2 18
-2 18
+2 18
+10 4
+1 4
-1 4
+1 2
+5 8
cfi=(25)
cfn=(126)
calls=2 84 
* 14
* 2
+2 4
+2 4
+2 6
+6 4
+16 12
cfi=(14)
cfn=(30)
calls=2 312 
* 121
* 36
cfi=(14)
cfn=(30)
calls=2 312 
* 112
* 4
+74 6
+5 6
+2 8
+6 4
+11 6
+6 2
+1 2
-1 2
+1 6
+1 4
+20 8
+16 18
-16 48
+2 64
+4 10
+1 6
+12 2
+4 2
-4 14
+4 4
+5 1
+1 1
-13 4
cfi=(14)
cfn=(30)
calls=1 312 
* 48
* 8
cfi=(14)
cfn=(30)
calls=2 312 
* 78
* 6
+16 2
+6 4
+1 12
1664 4
+3 4
-3 2
+3 2
cfn=(128) check_arm_attributes_hfabi.constprop.9
calls=2 1539 
* 1955
+1 4
+4 4
+7 8
+3 6
-3 2
+7 2
+2 4
2026 6
1769 16
2026 48
-8 2
1829 2
+4 4
cfi=(14)
cfn=(30)
calls=1 312 
* 62
* 2

fn=(132)
893 10
+10 2
-10 2
+10 2
-10 6
+10 2
cfi=(30)
cfn=(96)
calls=2 47 
* 26
fi=(36)
37 4
fe=(23)
903 2
fi=(36)
37 4
cfi=(37)
cfn=(136)
calls=2 -2 
* 3183
fe=(23)
2500 4

fn=(82)
444 5
+2 2
-2 3
+46 3
-46 2
+46 1
-42 3
cfi=(17)
cfn=(84)
calls=1 -97 
* 208
* 3
+7 1
-4 1
+4 2
+35 14
+1 12
+18 3
+4 5
-1 6
cfi=(18)
cfn=(50)
calls=1 300 
* 150
cfi=(17)
cfn=(42)
calls=1 95 
* 34
* 13
-55 4
cfn=(86)
calls=1 -84 
* 229
+4 3
+5 1
cfi=(11)
cfn=(22)
calls=1 70 
* 33
+1 2
+7 10
+5 2
+4 1
-4 2
+4 2
845 3
+6 2
+4 1
-4 2
+4 2

fn=(83)
548 2
cfi=(17)
cfn=(84)
calls=1 351 
* 15
cfi=(17)
cfn=(94)
calls=1 120 
* 7
* 6
448 3
552 2
+3 3
-31 1
-3 1
+1 1
+2 1
-3 1
+3 1
-2 1
+2 1
+1 2
+5 3
+1 1
-1 3
+1 18
+1 16
-1 32
+3 2
+1 3
+8 1
-1 1
+1 2
+3 1
-4 1
+4 3
-6 3

fn=(128)
1539 4
+4 2
-4 2
+4 2
-4 6
+9 2
-5 2
+5 2
-9 2
+8 6
+1 2
cfi=(25)
cfn=(130)
calls=2 84 
* 14
+1 8
cfi=(25)
cfn=(126)
calls=2 84 
* 14
* 4
+3 8
+61 4
-61 2
+61 4
+10 8
-71 212
+2 275
+4 2
+4 4
-4 2
+4 2
-4 4
+4 4
cfi=(25)
cfn=(130)
calls=2 84 
* 14
+1 8
cfi=(25)
cfn=(126)
calls=2 84 
* 14
* 2
-5 2
+5 4
+6 6
+6 2
-2 2
+2 4
+5 2
+8 4
-8 4
+8 12
-10 8
+6 2
+4 2
-2 2
+2 4
cfi=(19)
cfn=(58)
calls=2 181 
* 130
* 6
+6 4
cfi=(11)
cfn=(22)
calls=2 70 
* 82
* 2
+7 2
-6 2
+6 4
+7 2
+3 8
+9 2
-1 2
+1 2
-4 2
+11 66
1520 29
+1 29
+3 29
-3 87
+3 29
1631 232
+3 4
cfi=(11)
cfn=(22)
calls=2 70 
* 68
+7 6
-6 4
+6 2
-14 54
+4 54
1520 27
+1 108
+3 54
1641 108
+2 4
+11 4
-11 2
+11 4

fl=(60) /build/glibc-XzEjT5/glibc-2.23/elf/dl-runtime.c
fn=(266) _dl_fixup
72 8
-4 8
-2 16
+5 8
+2 8
-2 8
-2 8
+5 8
-1 8
-4 8
+5 8
-1 8
+6 16
-6 16
+6 8
+4 24
+4 16
+4 7
+1 28
+1 7
+1 21
+7 14
-1 7
+1 14
+10 84
cfi=(7)
cfn=(200)
calls=7 806 
* 6240
-10 2
-1 1
+1 2
+10 12
cfi=(7)
cfn=(200)
calls=1 806 
* 711
+4 8
-4 8
+4 8
+10 64
+16 32
+4 32
fi=(6)
269 8
fe=(60)
149 24

fl=(59)
fn=(264)
40 8
+8 8
+4 8
+1 8
+1 8
+3 8
cfi=(60)
cfn=(266)
calls=8 +15 
* 7518
+3 8
+4 8
+4 8

fl=(45)
fn=(164)
fi=(23)
2497 1
+1 2
-1 1
+1 2
-1 1
+1 8
-1 1
+1 1
cfn=(132)
calls=1 893 
* 1685
-75 5
+28 4
+2 4
-87 2
+4 2
+8 4
+23 9
cfn=(122)
calls=1 1717 
* 1574
+4 1
-4 1
+4 1
+1 2
fe=(45)
193 1
-8 1
+8 1
-8 1
+8 1
-8 2
+8 2
+3 5
+3 5
cfi=(35)
cfn=(166)
calls=1 45 
* 1293

fn=(168)
138 7
+16 7
-15 24
+2 140
+2 5
+8 1
-1 1
-1 1
+2 3
+2 5
+2 2
+6 136
+2 68
+4 28
-28 28
+29 28
-29 56
+32 1
+1 1
-1 1
+1 1
-8 6
+8 12

fn=(218)
321 1
+1 6
+2 2
cfi=(40)
cfn=(220)
calls=1 84 
* 7
+1 3

ob=(5)
fl=(66)
fn=(404) freeBitArray
18 4
+3 5

fn=(296)
141 5
+2 3
+1 5
cfn=(306) findPrimes
calls=1 -59 
* 135393021
cob=(3)
cfi=(67) /build/glibc-XzEjT5/glibc-2.23/stdlib/atoll.c
cfn=(300) atoll
calls=1 27 
* 220
cob=(1)
cfi=(59)
cfn=(264)
calls=1 40 
* 860
* 13
fi=(61)
325 1
cob=(3)
cfi=(91) /build/glibc-XzEjT5/glibc-2.23/stdlib/exit.c
cfn=(406) exit
calls=1 104 
* 2803
fe=(66)

fn=(356) printPrime
80 4
+1 5
cob=(3)
cfi=(79) /build/glibc-XzEjT5/glibc-2.23/stdio-common/printf.c
cfn=(360) printf
calls=1 -53 
* 1937
cob=(1)
cfi=(59)
cfn=(264)
calls=1 -41 
* 1084
* 11
+21 3
cfn=(354) getBit
calls=1 -47 
* 95
* 3
+1 2
cfn=(357) printPrime'2
calls=1 -23 
* 114369024
-2 10

fn=(357)
80 38364
+1 47955
cob=(3)
cfi=(79)
cfn=(360)
calls=9591 -53 
* 8147316
* 67137
+14 320
+1 64
+1 456465
cfn=(352) clearBit
calls=152155 -51 
* 61520648
+1 760775
-2 913314
+4 896
+1 64
+1 293895
cfn=(354)
calls=97965 -47 
* 39851611
* 293895
+1 18828
cfn=(357)
calls=9414 -23 
* 299757137111
-2 980044
+4 260
+1 65
+1 1000
-1 750
cfn=(354)
calls=250 -51 
* 58222
* 195
cfn=(354)
calls=65 -51 
* 14167
* 945
+2 390
-14 1105
+16 1
+1 6096
cfn=(354)
calls=2032 -56 
* 867448
* 6096
+1 352
cfn=(357)
calls=176 -32 
* 90277712
-2 20326
+4 2
cfn=(404)
calls=1 -96 
* 9
+1 4

fn=(308) createBitArray
24 4
+1 2
cfi=(58)
cfn=(342) 0x00000d05
calls=1 -25 
* 426
cob=(3)
cfi=(70)
cfn=(312)
calls=1 2902 
* 52867
cob=(1)
cfi=(59)
cfn=(264)
calls=1 +15 
* 865
* 45
+61 1
+1 3
+1 2
cfn=(350) setAll
calls=1 -16 
* 56306
+1 4
cfn=(352)
calls=1 -43 
* 92
+1 4
cfn=(352)
calls=1 -44 
* 92
+1 3
+1 3
+1 3
+1 1
+1 5
+1 1
+1 149997
cfn=(352)
calls=49999 -51 
* 20209748
+1 249995
-2 300000
+4 14
+1 1
+1 9
cfn=(354)
calls=3 -47 
* 285
* 9
+1 2
cfn=(356)
calls=1 -23 
* 114372178
-2 26
-7 17

fn=(309) createBitArray'2
32 6
+1 8
cob=(3)
cfi=(70)
cfn=(312)
calls=1 2902 
* 204
* 16

fn=(350)
72 4
+2 4
+1 21889
-1 34404
+3 5

fn=(354)
55 501580
+1 802528
cfi=(58)
cfn=(342)
calls=100316 -56 
* 18038488
* 501580
+1 601896
cfi=(58)
cfn=(342)
calls=100316 -57 
* 18038488
* 300948
+1 300948
+1 702212
+1 601896
+1 401264

fn=(352)
46 1010780
+1 1617248
cfi=(58)
cfn=(342)
calls=202156 -47 
* 36417858
* 1010780
+1 1212936
cfi=(58)
cfn=(342)
calls=202156 -48 
* 36417858
* 606468
+1 808624
+1 606468
+1 1212936
+1 808624

fn=(306)
85 4
+1 2
cfn=(308)
calls=1 -62 
* 135393010
+61 1
+1 4

fl=(58)
fn=(258)
0 17
cob=(3)
cfi=(61)
cfn=(268)
calls=1 134 
0 135397177
cob=(1)
cfi=(59)
cfn=(264)
calls=1 40 
0 1177
0 7

fn=(426) 0x000005e9
0 11
cfn=(430) 0x0000066f
calls=1 0 
0 5

fn=(284) 0x0000068d
0 21

fn=(342)
0 3024725
cfn=(346) __udivmoddi4
calls=604945 0 
0 103468379
0 2419780
cfi=(66)
cfn=(309)
calls=1 32 
0 234

fn=(416)
0 14
cfn=(426)
calls=1 0 
0 16
cob=(3)
cfi=(94) /build/glibc-XzEjT5/glibc-2.23/stdlib/cxa_finalize.c
cfn=(420) __cxa_finalize
calls=1 31 
0 53
cob=(1)
cfi=(59)
cfn=(264)
calls=1 40 
0 921
0 8
fi=(93)
208 1
+2 3
+6 1
-3 2
+3 2
+4 3
+12 1
-1 2
+1 1
-1 1
+3 6
+1 2
cob=(4)
cfi=(50)
cfn=(434) 0x000004ad
calls=1 0 
* 951
-1 3
+5 1
+1 4
cob=(2)
cfi=(16)
cfn=(432) 0x00108e94
calls=1 0 
* 2
+6 6
-40 1
+56 1
-56 1
+56 2
-56 1
fe=(58)

fn=(346)
0 103468379

fn=(276)
0 8
cob=(2)
cfi=(16)
cfn=(278) 0x001084e4
calls=1 0 
0 9
0 11
cfn=(284)
calls=1 0 
0 21
0 3

fn=(430)
0 5

fn=(280) 0x000005c4
0 6

ob=(2)
fl=(16)
fn=(230)
0 2
cob=(4)
cfi=(50)
cfn=(232) 0x00000424
calls=1 0 
0 6
0 1

fn=(394)
0 57549
cob=(3)
cfi=(89)
cfn=(396)
calls=19183 300 
0 287745

fn=(432)
0 2

fn=(278)
0 2
cob=(5)
cfi=(58)
cfn=(280)
calls=1 0 
0 6
0 1

fn=(448) 0x0482963c
0 2

ob=(4)
fl=(50)
fn=(434)
0 14
cfn=(442) 0x00000449
calls=1 0 
0 16
cob=(3)
cfi=(94)
cfn=(420)
calls=1 31 
0 53
cob=(1)
cfi=(59)
cfn=(264)
calls=1 40 
0 783
0 8
fi=(93)
208 2
+2 6
+6 2
-3 4
+3 4
+18 3
+5 1
+1 4
cob=(2)
cfi=(16)
cfn=(448)
calls=1 0 
* 2
+6 18
-40 3
+56 3
-56 3
+56 6
-56 5
-56 5
+67 6
fe=(50)

fn=(236)
0 21

fn=(446) 0x000004cf
0 5

fn=(442)
0 11
cfn=(446)
calls=1 0 
0 5

fn=(232)
0 6

ob=(3)
fl=(51)
fn=(242)
99 2
-41 2
+7 2
-7 2
+7 6

fl=(79)
fn=(360)
28 47960
+5 9592
-5 19184
+4 9592
+1 28776
cfi=(80)
cfn=(362)
calls=9592 1267 
* 7995781
+4 38368

fl=(67)
fn=(300)
27 3
cfi=(68)
cfn=(302)
calls=1 +78 
* 217

fl=(71) /build/glibc-XzEjT5/glibc-2.23/malloc/hooks.c
fn=(314) malloc_hook_ini
fi=(70)
2902 1
+5 1
-5 3
+5 2
+1 2
+3 10
+2 3
cfn=(326) _int_malloc
calls=1 3349 
* 1086
+3 2
+8 8
+2 9
+3 2
-3 3
-15 22
fe=(71)
29 1
fi=(72)
260 1
fe=(71)
30 1
-1 1
fi=(72)
260 1
fe=(71)
29 1
+1 2
-1 1
fi=(72)
260 2
fe=(71)
30 1
fi=(72)
260 1
fe=(71)
32 2
cfi=(72)
cfn=(316) ptmalloc_init.part.5
calls=1 271 
* 51685

fl=(54)
fn=(248)
26 2
+1 2
-1 6
+1 4
+4 2
-3 2
+21 4

fl=(75) /build/glibc-XzEjT5/glibc-2.23/malloc/morecore.c
fn=(334) __default_morecore
46 2
+1 2
cfi=(76)
cfn=(336)
calls=2 -13 
* 82
+5 8

fl=(91)
fn=(406)
104 2
-1 1
+1 2
cfn=(408) __run_exit_handlers
calls=1 -69 
* 2798

fn=(408)
35 6
+5 1
cfi=(92)
cfn=(410)
calls=1 146 
* 12
* 1
+6 6
+4 2
+4 1
-1 1
-1 1
+2 4
+33 2
+1 2
+6 2
+1 14
cfi=(85)
cfn=(450)
calls=1 948 
* 276
* 2
+2 2
cfi=(96)
cfn=(460)
calls=1 -70 
* 4
-17 1
-2 1
+4 1
-2 2
+2 1
-2 2
+2 1
cob=(1)
cfi=(93)
cfn=(412)
calls=1 +48 
* 2449
+1 1

fl=(94)
fn=(420)
31 4
+20 2
-20 4
+20 2
-20 2
+4 10
+13 2
-9 14
-4 6
+32 2
+6 2
-6 6
+4 14
-4 6
+12 2
+1 4
cfi=(95)
cfn=(422)
calls=2 -44 
* 20
+2 4

fl=(90)
fn=(402)
84 115104

fl=(72)
fn=(316)
271 1
-8 2
+8 1
-13 1
+5 1
+8 1
-13 2
+5 1
-5 1
+13 2
+1 5
cfi=(73)
cfn=(318)
calls=1 126 
* 51663
fi=(71)
32 1
+1 2
-1 1
fe=(72)

fl=(57)
fn=(254)
31 2
-2 1
+2 6
+2 1
+2 1
-4 2
+2 1
-2 2
+2 3
+2 1
-2 1
+2 3
+1 1
-1 1
+1 1

fl=(70)
fn=(330) malloc_init_state
1800 3
+8 3
-3 2
+3 378
-3 252
+7 4
+4 3
+3 1
-19 1
+17 1
-1 1
+1 1
-1 1
+4 2

fn=(332) sysmalloc
2268 4
+20 1
+11 1
-31 1
+20 3
+11 2
+1 5
+21 2
+79 1
+6 2
-6 2
+16 5
-36 1
+11 1
-10 2
+10 1
-9 1
+9 6
+6 4
+3 3
2723 1
+9 1
-9 1
+9 1
-8 2
+8 3
+5 1
-2 1
+5 1
-6 1
+3 6
-1 1
+2 1
-1 2
+1 1
+8 2
2455 3
+8 1
-8 1
+8 1
-8 2
+8 2
+11 7
+8 1
-8 1
+8 1
+2 5
cfi=(75)
cfn=(334)
calls=1 46 
* 72
* 1
+1 1
+3 2
+3 3
+1 2
+20 2
+26 5
+2 1
+6 4
-6 4
+6 2
+3 10
+37 1
+6 1
+10 2
+1 1
+8 1
+3 4
+1 6
+2 1
-2 1
+2 1
+1 6
cfi=(75)
cfn=(334)
calls=1 46 
* 22
+12 3
+8 3
+1 6
+38 1
+1 2
+1 1
-2 1
+1 1
-1 1
+1 1
+1 1
+11 1
+23 2
2539 2

fn=(312)
2902 3
+5 3
-5 9
+5 6
+1 6
+3 20
+2 6
cfn=(326)
calls=2 3349 
* 274
+3 4
+8 16
+2 18
+3 4
-3 6
-15 44
-2 2
cfi=(71)
cfn=(314)
calls=1 29 
* 52854
+20 2

fn=(326)
3349 6
-30 3
+30 6
-30 3
+30 18
+4 6
+14 3
+2 3
-2 12
1879 1
3833 6
3404 6
+3 1
-1 1
+1 1
+2 1
-2 1
+2 5
+2 2
+37 18
+1 6
3819 6
3474 3
3819 9
3474 6
3819 9
3474 3
3819 24
3474 9
-5 3
+17 3
-17 12
-21 5
3805 4
3603 6
+2 8
+3 8
+68 3
+4 3
-4 3
+1 3
+3 3
-2 3
-1 3
+2 3
+1 3
-1 3
+6 30
+7 12
-3 21
3792 3
+3 3
-2 6
+2 6
+17 3
3448 4
-36 4
cfn=(328) malloc_consolidate
calls=1 4144 
* 663
* 9
+36 7
3827 3
cfn=(332)
calls=1 2268 
* 281
+1 3
1879 7
3798 2
+2 2
-3 2
1879 2
3800 4
+2 2
1879 2
3800 8
-1 2
+1 2
+5 2
-5 2
+2 2
1879 4

fn=(328)
4144 1
-22 1
+22 1
-22 1
+22 3
+70 1
cfn=(330)
calls=1 1800 
* 653
+3 2

fl=(77)
fn=(338)
28 8
+3 4
cfi=(78)
cfn=(340)
calls=2 +9 
* 8
* 6
+2 2
-2 4
+2 2
+6 2
+1 2

fl=(88)
fn=(390) __udivsi3
0 95930

fn=(388)
0 38372
cfn=(390)
calls=9593 0 
0 95930
0 38372

totals: 135503464
